999859381 95 80 132
-115 -187 -179 -67 -104 0 -21 0 -152 -138 -141 -55 -172 -187 -191 -177 -50 -200 0 0 -111 0 -153 -182 -166 -199 0 -134 -175 0 -19 -40 -14 -61 -200 -67 -32 -30 -110 0 -105 -124 0 -165 -179 -190 -160 -134 -22 -69 0 -55 -180 -200 0 -98 -40 -69 -164 -91 -200 -200 -6 0 -112 -52 -56 -39 -10 -42 -7 -145 -151 -158 -120 -111 -190 -116 -82 -118 -117 -157 -145 -98 -191 -162 -94 -135 0 -192 -200 -32 -166 -73 -200
-141 -117 93 91 -110 29 0 -115 -189 0 -84 -96 27 -116 -45 0 0 -2 -26 -29 91 -179 95 -96 -71 76 -200 -102 22 0 -173 -40 0 -102 -200 73 -160 8 -148 111 -156 -84 -43 -58 -146 14 -140 -156 57 -150 0 -91 -200 -200 -123 76 -63 48 6 -80 -200 77 -64 -36 0 -177 -101 -79 -31 91 -19 -41 20 97 -10 39 -192 -200 -7 0 70 -200 -151 -87 -13 -173 -129 23 -95 17 41 -140 -89 -183 -10
87 146 0 127 -62 -164 25 154 119 -181 -158 -143 58 -200 148 88 -61 148 -200 119 0 -102 13 185 -81 90 -200 -192 0 -200 84 -71 4 -48 -169 61 97 -23 140 -200 103 78 112 -200 -54 78 13 96 167 116 -75 51 -130 76 0 0 93 79 2 -200 82 15 -193 -126 -112 -100 -200 104 -66 -45 -96 -16 0 0 136 -12 180 -54 56 24 40 -137 -178 -97 -7 -155 6 0 -200 -118 186 180 -178 -152 0
-200 -200 -115 90 -18 70 62 50 9 71 -78 140 -76 -200 -169 -200 -200 -150 -164 96 0 -200 100 -27 0 -7 -200 89 125 -16 95 -78 -164 -200 38 44 0 -134 -155 0 -200 0 53 0 -137 0 113 -19 -8 -140 36 -200 149 20 48 164 0 0 -200 46 146 -25 58 -191 -146 -143 27 91 145 -61 0 -23 0 40 -108 -200 -178 99 -182 0 -184 -87 -136 0 -197 161 0 141 138 -85 59 0 -11 -155 -41
-113 -104 0 38 12 -101 -185 -119 -200 0 -158 -107 -12 -38 -84 -200 35 -168 43 -136 0 -39 -71 34 -101 -175 0 -71 -112 -129 44 32 -56 -136 -68 -188 -33 0 -55 34 -173 -200 -51 20 67 -10 0 -131 -70 38 -96 -181 0 -109 -76 0 0 -61 10 -86 -17 3 -63 0 0 -132 -74 26 7 34 -56 -200 12 -121 26 0 -195 3 0 -36 -20 -84 -49 -42 -199 40 -132 50 0 -60 0 57 52 -164 -35
-159 -200 -200 -109 47 55 70 4 -68 -169 18 -25 -183 0 -123 -190 16 -157 -76 -13 32 59 -43 -20 -200 -30 -157 61 -200 0 0 0 81 -99 94 -200 -195 -200 0 45 -29 -75 49 0 4 -21 -200 -200 0 -200 -57 -152 -200 69 -182 0 -77 97 -188 -158 -109 -115 -23 14 97 -150 94 0 -103 -195 5 0 0 -38 -200 28 -196 -179 -95 -200 -92 -24 -10 0 -50 -40 0 -200 16 101 -26 0 -194 -200 -200
-200 0 -200 -5 0 -200 -200 -71 -200 -187 -73 -70 -45 -151 -187 0 -50 -191 -23 -136 0 -41 -200 -103 -200 -110 0 0 -127 0 -81 0 -82 -200 -200 -200 -87 -200 -155 -22 -200 -94 -68 -67 -107 -200 -166 0 -200 -200 -29 -108 0 -165 -92 -168 -163 0 -179 -179 -181 -161 -95 -145 -96 -192 -176 -164 -178 -200 -24 -144 0 -69 -21 -200 0 0 -136 -126 -200 -131 -174 -59 -23 -200 -6 -43 0 0 -102 -42 0 -200 -191
2 -72 -21 0 -45 -200 -60 -177 -154 0 -97 -157 -200 -162 -48 -145 -116 -180 -62 -29 0 -200 0 0 -51 -171 3 -7 -109 0 -42 -200 -46 0 -200 -80 -191 6 -38 -143 -35 0 6 -200 0 -16 0 3 0 -89 -149 -65 0 -200 16 -121 -200 -16 -145 11 0 0 -116 12 -90 0 -161 0 0 -17 -154 -179 -200 -137 -85 12 -173 0 -200 -167 -198 -60 -38 -115 -200 -142 -200 0 -90 -80 15 -51 -127 -59 0
0 -191 -200 -5 -59 0 -104 -200 -27 -95 -172 0 -93 -73 0 -166 0 -2 -102 0 -22 0 -200 -142 0 -50 -200 -178 -163 -189 0 -200 -46 -9 -23 -200 -115 -126 0 -57 -109 -111 -200 -125 -145 -200 -2 0 -5 -60 -138 -103 0 -200 -49 -32 -74 -151 -200 0 -7 -8 -199 -55 -179 -173 -19 -176 -42 -74 -38 -176 -122 -74 -99 -70 -200 0 -17 0 0 -63 0 -47 -200 -52 -39 0 -69 -184 -86 -200 0 -74 -63
-200 152 -129 -48 -35 -105 -183 34 -200 -151 -163 -200 -47 0 -178 -21 -169 -94 -200 54 16 0 -200 -87 -33 -91 -177 -104 -200 -39 -200 63 48 -27 -47 0 -120 0 -41 0 -70 -200 -75 -150 5 -200 -49 -74 67 -193 77 97 78 -198 25 73 -178 -92 133 52 -80 -183 -23 -127 0 140 0 43 -68 61 -169 130 93 -67 -118 -23 113 -40 -19 48 -200 75 -134 11 0 -89 -200 -81 0 72 110 25 -89 -28 0
-173 0 -18 79 -200 -200 78 83 -118 57 109 78 -2 46 -18 23 -19 -134 3 -42 -200 -19 93 16 80 44 -200 131 60 0 97 -67 -32 136 32 -191 10 0 59 -88 91 122 -88 -86 -3 82 -181 87 -100 -116 31 0 -200 -81 -183 0 0 2 -190 0 14 -88 20 14 5 -144 -131 135 73 -111 -44 63 29 -42 29 -197 -1 -102 69 -155 -50 80 -149 72 -3 75 -61 -28 51 138 -85 -105 1 0 -60
-200 -65 -177 39 133 0 -135 -71 -151 -26 0 53 -161 -96 81 81 -200 -167 -63 132 -114 -200 -179 114 -36 0 -108 68 -144 46 -95 138 96 128 95 55 54 -154 0 -178 140 43 -110 -102 0 57 -57 0 -200 -200 -192 0 -182 -58 -123 -200 104 0 -162 -15 0 32 129 -200 -96 84 -47 134 -1 10 -55 -200 -116 -153 -45 -42 57 128 0 -200 -170 -200 -190 50 -93 -30 70 86 -117 8 -200 41 -151 -97 0
-1 0 0 -200 -109 -200 0 -101 -37 0 -91 7 23 54 -200 -6 -5 -200 0 -174 -113 -2 -96 -116 34 -94 -139 40 -198 -188 -16 -200 -56 -40 -44 42 -26 0 -81 -200 0 0 55 0 -39 -82 -13 -183 0 -153 -200 -129 -94 -49 -200 -19 45 39 -98 -166 -42 -200 -99 -119 0 -40 -39 -122 -200 -17 52 11 -200 -134 27 -174 -64 -200 -15 -154 -200 0 10 -29 -137 -193 -74 -141 -193 40 -89 -115 -192 -22 7
-200 -82 -200 -20 -66 -128 73 -1 -40 12 0 126 0 -157 98 0 -119 -173 114 45 12 -138 -40 -73 -200 -148 -131 -185 -200 83 40 -33 -32 81 97 143 -200 24 -23 72 135 37 -79 -191 75 -200 -7 134 32 166 0 172 -200 138 156 116 5 0 122 -38 92 -132 55 37 9 29 0 -200 74 62 161 -97 -17 -117 -90 92 -200 -125 26 38 -161 91 0 0 0 136 -183 -133 -129 -130 87 35 0 76 -37
95 -8 -117 -131 44 -107 89 87 0 94 -66 160 -178 -176 0 183 -94 0 1 -108 12 115 178 91 -34 111 -170 12 67 130 0 -111 -20 109 144 168 53 155 -149 0 153 32 -200 50 -28 48 68 -128 107 -177 154 0 -145 -130 -106 0 -109 5 40 -148 136 71 83 179 23 -89 88 169 94 90 -200 -17 -75 9 -142 -200 34 -17 50 -21 106 75 -46 -100 102 0 -80 0 -200 0 -29 169 126 142 50
180 -89 -200 144 139 0 140 71 -29 -200 -108 76 -174 -142 174 -24 -17 -197 70 0 -71 -29 169 76 -115 -200 -177 -178 150 167 99 -91 -105 0 -29 18 165 -36 -17 80 139 171 73 -200 -155 33 -108 76 187 150 -111 -151 -200 -177 -60 -177 -80 -91 -140 95 -139 172 81 78 151 -111 16 108 -122 -150 -81 124 11 -104 156 -92 -108 134 0 0 -5 17 22 -60 153 107 81 -109 0 -192 -175 -110 78 -67 -161
-19 -54 155 -200 -166 -134 120 120 -200 0 0 -3 -142 156 11 0 145 -13 -157 0 90 0 -200 -11 0 -123 33 -60 -21 92 -175 164 -189 157 -56 -133 -58 -47 -116 115 -57 0 -169 -191 -40 120 133 0 -76 -200 -42 24 -189 24 130 -118 34 -71 138 30 0 -76 73 15 -106 0 -195 141 0 151 -3 155 173 -119 -145 0 -96 32 -131 142 98 -101 -42 155 -190 173 166 -200 105 -141 -12 116 -45 -159 9
-65 -49 -122 -32 -200 0 -51 -200 -183 -103 -84 13 -85 -48 -193 -200 -89 -65 -66 0 0 0 -200 -143 -74 -40 -192 48 50 -180 0 -83 0 0 -200 -200 -14 0 -30 -95 -141 0 -195 -154 -158 -196 -159 -200 -200 41 45 0 -25 -30 0 0 -200 -11 0 0 -195 -200 -101 0 -43 0 7 0 25 2 0 0 -86 -175 0 0 45 -200 -86 -200 -56 -160 -189 -147 -82 -87 -200 -82 -15 -200 37 -188 -71 -4 0
-53 49 -38 49 10 -200 185 21 -37 -29 115 49 131 13 72 200 -197 -200 -200 -4 12 197 -19 88 0 22 200 0 -163 86 69 -125 66 24 -106 -141 200 -198 -59 -200 0 -125 -15 -3 -87 -103 171 23 -188 162 119 -138 200 60 133 -102 45 42 63 -200 -179 0 185 172 0 -12 32 123 -189 -171 197 -37 -200 153 95 -85 -50 -200 -103 200 107 141 200 200 -57 -185 -42 -47 53 200 104 -94 -16 200 140
-167 -114 0 -148 -80 -178 -55 -70 -32 0 -148 -34 -178 0 -44 -22 0 0 -199 -32 -74 -150 -200 -188 -200 -55 -200 -200 -164 -56 0 0 -22 -194 0 -200 -23 -177 -189 -154 -180 0 -180 0 -195 -83 -148 -130 0 -127 -200 -83 -39 -54 0 -60 -200 -165 0 -200 -8 -105 -65 -63 -33 -156 -196 0 0 0 -41 -34 -155 -73 -92 -183 0 0 -200 -16 -110 -200 -29 0 0 -18 0 -163 -165 -192 0 -194 -108 -17 0
-75 -48 0 -200 -38 -97 -156 -4 -200 -29 0 -90 -10 -196 -186 -200 -94 -200 -82 -5 -113 -112 0 0 -200 -33 0 0 -70 0 -128 0 -6 -19 -175 0 -18 -127 -130 -200 0 -200 -66 0 -171 -148 -121 -159 -82 -200 -200 0 0 -113 -200 -3 -36 -154 -102 0 -109 -142 -185 -8 -82 -80 -115 -200 -65 -39 -112 0 0 -200 0 -122 -97 -189 -157 -163 -18 -200 -199 -200 -80 -64 0 -115 -20 -2 -127 -200 -84 -144 -31
-200 0 81 -125 -40 -194 -145 -58 -155 -169 -200 33 40 107 -158 -148 101 -200 0 0 0 -10 -189 -200 -59 -178 -196 -141 -18 -77 -132 103 -87 0 24 0 49 -34 0 -130 -187 90 -100 42 -117 36 0 -190 -165 109 88 21 -200 -133 88 0 -91 76 -26 0 -200 -27 -173 0 39 55 -200 -167 -55 -164 51 -200 -101 -200 -82 12 11 -200 -24 29 -200 -197 -12 -92 -43 100 28 -146 57 -181 -189 -56 0 98 -200
-90 -200 -67 -114 -200 -116 -200 -82 -2 -179 -23 -89 -198 -90 -200 -144 -115 -136 -120 -20 -36 -150 -129 -46 -186 -168 -183 -45 -3 0 -76 -86 -105 -125 -60 -54 -200 -5 0 -200 -22 -60 -37 -43 0 0 -36 -153 -200 -132 -41 -200 -11 -64 0 -200 -135 -85 -180 -15 -122 -112 0 -93 -87 -111 -180 -127 -35 0 -83 0 -87 -200 -163 -167 0 -168 -129 -200 -20 0 -82 0 -165 0 -108 0 -14 -151 -92 -77 -200 -124 0
110 -71 -92 63 84 22 -190 22 -200 -116 -184 -200 115 153 -103 0 109 88 26 -109 153 -151 44 17 -4 138 -30 57 122 0 86 114 -104 -73 -193 -186 3 -138 -47 63 90 74 -15 69 78 -37 -2 -200 18 -6 -22 54 -200 -50 -26 -200 -31 0 -200 -190 28 -19 57 -14 116 -89 -67 -123 -179 10 -96 -150 0 48 111 -171 54 -153 97 0 0 -188 89 -101 -115 -158 128 -190 -137 -117 0 0 118 -3 -200
127 80 -105 -194 59 181 0 67 0 135 0 -177 0 -97 -161 -64 81 163 109 43 93 -59 -106 122 179 116 -78 90 -114 -200 -105 119 0 -165 84 96 -200 -131 111 61 0 0 -200 -5 -37 0 -41 -193 -32 31 -200 -12 -105 0 -40 115 112 79 73 -200 8 123 -200 -200 -79 0 -37 -6 143 -145 156 -62 -25 0 -200 38 0 88 118 -91 86 -83 -200 51 -44 -24 112 140 -85 -86 -111 -65 124 -200 -106
0 -175 -144 -25 24 -89 -47 20 -107 -200 2 134 94 -133 38 0 55 0 124 77 -200 146 0 38 0 -66 -72 29 -44 -23 -156 8 0 -82 -125 22 119 104 -150 -200 -96 120 -200 163 -75 -26 124 0 0 -200 -161 51 152 160 -89 -169 -143 -121 17 163 -199 85 125 -199 -200 6 -79 -187 100 12 7 11 -54 -195 0 0 -145 -200 72 97 -82 114 -39 48 -39 -69 120 0 -200 15 -24 -134 16 132 0
-148 98 0 172 31 -36 -36 -18 0 33 0 173 -93 5 121 -200 -200 -79 117 -199 125 0 -200 -183 -200 78 187 -200 -160 119 -144 -24 -58 -123 -200 -176 167 196 151 -200 -20 57 -12 -200 -84 -200 -34 75 0 135 -200 0 -26 7 0 -35 -89 -69 74 -4 105 -60 -131 -22 110 -133 -94 -41 100 -157 -130 -115 142 -121 -164 138 -63 -200 0 -155 -2 136 126 -200 13 2 50 -180 -48 98 13 -17 -200 -196 -200
-200 0 -200 0 -133 -156 -125 -5 -200 -95 -125 -45 -167 -112 -3 -51 0 -98 0 -189 -200 0 -200 0 -132 -200 0 -71 -123 -56 -152 0 -177 -130 -154 -76 0 -21 -52 -30 -191 0 -44 0 -54 0 -130 -8 -65 -183 0 -90 -139 0 -200 -32 -91 -154 -200 -157 -180 -200 -21 -7 0 -138 0 -108 0 -28 -53 -132 -2 -200 -200 -198 0 -122 0 -200 -150 -200 -190 -135 -59 -159 -90 -87 -183 -200 0 0 -187 -165 0
-139 13 -69 -190 49 -5 -200 29 -18 -143 124 53 119 19 0 -59 -102 -196 -54 -196 133 -125 0 -102 -75 44 -200 -15 -192 -161 -76 48 -41 -42 -118 49 -111 -170 -190 -17 -130 -135 -44 -27 -33 -87 0 -200 -200 -92 -196 -31 -143 73 32 113 64 108 -150 -82 93 -59 -200 -155 0 92 -150 -93 -69 -11 -45 -109 -200 103 80 -52 -50 -150 -95 -122 -160 -197 -104 101 -57 33 -200 59 -100 -88 -113 -10 52 -19 0
-135 167 -200 0 -96 -73 -200 -200 99 -182 -200 57 145 -155 0 72 65 -17 -22 -138 -175 -200 164 115 -107 0 -112 -200 160 -165 -105 -156 -99 -195 -72 -98 74 -187 -118 -168 0 -156 -45 -200 -189 -197 -91 12 -142 150 -126 -75 7 -77 -65 -147 0 -144 130 158 -200 -85 0 141 30 73 116 -41 -182 114 22 0 -162 -158 -18 -81 -68 0 -159 -76 -12 154 -200 107 -83 -108 0 0 0 115 -17 78 167 -133 158
-200 0 -89 -200 -180 -76 -200 -200 0 -195 -10 -131 -171 -62 -15 0 -12 -28 -2 -87 -61 -95 -103 -200 -166 -57 -175 -42 0 -23 -126 0 -200 -199 -200 0 -200 -112 -69 0 -30 -86 -172 0 -188 -171 -200 -43 -155 -152 -200 -18 -161 -77 0 -191 -191 -158 -106 0 -200 -150 -64 -195 -117 -152 -175 -171 -60 0 -63 -200 0 0 0 -66 -51 -173 -126 -136 -200 0 -65 -130 -57 -9 -200 -85 -97 -94 -200 -20 -88 -133 -98
0 -109 -119 -200 -200 0 0 -177 -60 -194 -97 0 -50 -15 4 -50 -17 -166 -200 -20 -63 -84 4 -172 -47 -11 -21 -85 -200 -96 9 -200 -9 -29 13 0 -184 0 -124 -49 7 0 0 0 0 -31 -23 -94 -200 13 0 -16 -136 -20 -150 -23 -105 -91 0 -186 -22 -95 -200 -143 -194 -45 6 6 0 -200 -200 -81 0 0 -102 -88 -200 -143 -116 -169 0 -160 10 -175 -29 -147 -200 -144 0 -83 -1 -26 0 -167 -18
-130 39 -115 -182 -144 29 -200 -195 -200 -132 -167 -96 -180 0 -200 -52 -200 -15 -190 -200 -200 -200 -10 -12 17 -200 -162 -62 -200 -200 -50 40 25 0 -60 -57 16 -90 -68 9 -138 0 24 -70 -168 -200 -54 -164 -200 31 0 -136 -200 -88 0 -58 -123 -200 -200 -118 -15 -102 -200 -86 -28 -174 -173 0 -93 -119 0 0 -78 13 0 -66 -61 -64 -136 0 36 0 -200 -37 -175 -106 -122 -179 -19 -125 -36 0 0 0 -18
0 -30 0 -136 -125 -17 -200 -200 -159 -20 -10 -82 -68 -200 -84 -177 -58 -173 -60 -130 -185 -65 -198 -17 -200 -200 -50 -123 -139 -10 -200 -200 -59 -75 -31 -200 -54 -152 -77 -123 -55 -139 -200 13 -60 -145 -156 0 -162 -172 0 -14 0 -200 0 -5 -65 -186 -32 -69 -106 0 -25 -178 -70 0 -97 -94 -200 -200 0 -125 -189 -84 -42 -144 -200 0 0 -93 -172 -176 -138 -113 -200 -196 -172 -162 -91 -192 -104 0 0 -200 -56
-109 2 -176 -184 40 48 -91 13 0 0 -42 -200 -86 -200 43 44 -176 -107 -72 55 -200 -163 -12 -200 -172 -138 -200 -200 0 0 -114 -200 -197 -170 28 -102 0 10 0 0 -134 42 -179 -192 0 43 -3 -146 19 -200 -112 -155 -24 0 24 -194 -145 14 25 -103 -74 47 -102 -63 0 -104 -76 -87 28 0 0 -133 -200 -69 8 -100 -180 -180 -200 -9 -92 -89 -68 -200 -145 -28 -113 -75 -200 45 0 0 55 25 5
-195 53 -1 0 200 13 159 -169 0 -46 200 -96 -170 -200 -200 108 66 43 130 95 -93 145 10 -151 185 200 200 -57 -145 -36 194 -65 116 -36 125 92 -159 199 183 -185 -78 0 0 0 -147 108 -42 90 -139 0 175 26 166 178 -29 200 153 0 -59 50 200 200 -63 -4 -119 21 -9 -200 72 68 193 69 197 -200 5 -44 0 200 -69 -26 0 0 -179 -20 200 200 -190 -182 -47 -11 200 -136 -200 0 -58
-155 -129 60 20 -182 -142 -200 -14 -200 -61 -164 20 10 7 -135 28 0 -183 -183 -199 -125 -144 -86 -200 -169 12 11 -143 61 -106 42 -105 -90 -108 0 -50 -17 -16 9 -142 0 9 -119 -55 0 39 52 -187 0 -24 -87 58 -176 -22 0 32 -200 -43 -30 -56 -193 -185 -200 1 -59 -200 -6 23 -53 -200 -19 0 -116 0 -93 -197 42 0 -99 -15 -193 10 -176 0 0 67 -185 -4 -76 -79 0 26 -23 46 -170
-200 -124 -89 -191 -152 -36 7 -195 5 -194 -158 0 3 -10 0 -149 -174 0 -8 -136 -98 -151 4 -10 -170 0 -172 -3 -42 0 -28 -200 -88 -20 -200 0 0 -89 0 20 -14 0 -31 -200 -147 -156 -167 -21 -141 29 28 -171 -29 31 -200 -112 -81 -200 -184 -156 -123 0 -199 -29 4 -189 -118 -52 -2 -191 25 0 -175 -82 21 -80 -103 -200 -123 -104 -138 -128 -164 -200 0 -127 -200 0 -200 -108 -164 -200 0 -179 -144
-49 -97 -167 0 9 -86 0 -164 -177 8 18 -10 -188 -200 -17 0 -41 16 -200 -108 -167 -167 0 -5 -182 -57 0 -23 -158 -200 -200 -200 -25 -40 -25 0 0 -200 -54 -102 0 -37 0 -200 -200 -140 -102 -47 -149 12 0 0 0 0 -49 0 -190 -200 -131 0 -4 -152 0 3 26 -66 0 17 0 -159 -81 -108 -64 -111 -5 -146 -200 -131 4 0 0 -41 0 -200 -83 -106 25 -17 18 0 -184 -200 -163 -191 0
61 23 99 0 -142 -158 -191 27 0 -159 -54 21 -103 -25 -200 -156 0 -139 -146 -21 0 -172 0 -138 -66 73 -169 59 -200 4 -106 26 -152 -94 -137 -62 -200 0 14 -125 -61 -158 -116 -200 25 91 -200 72 -192 -27 -127 -200 -117 -44 -200 -175 -139 -30 -85 -16 2 -118 75 10 -147 12 -200 59 -105 -68 -73 -25 -128 0 -136 0 -195 -47 -144 -129 54 9 108 -110 1 -3 0 0 -200 56 -141 -200 0 -172 -116
-172 -151 -27 -80 -11 -69 -88 -140 -121 -110 -12 -111 0 -200 0 -129 -86 -200 -49 -95 -189 -200 0 -200 -146 -26 -141 -19 0 -87 -185 -143 -58 -80 -28 -149 -29 -200 -127 -138 -200 -64 -200 0 0 -7 -169 -59 -42 0 -123 -2 -112 -113 -154 -98 -50 -194 -44 -162 -58 0 -153 0 -162 -200 -144 -81 -157 -187 -174 -85 -134 0 -113 0 -174 0 -159 -115 -142 -161 -80 -92 -19 -70 0 0 -47 -2 -104 0 -128 -200 -97
-89 -158 33 -200 0 85 -83 48 19 -72 -42 -157 -195 -185 -200 0 -200 0 -52 0 -112 -130 -186 0 -21 -105 88 -167 -159 50 8 -21 0 -73 -163 64 34 15 -200 61 0 -158 -42 -19 -200 84 -58 -99 25 -3 19 0 -10 0 6 -127 -181 10 -4 4 -71 18 -12 63 -200 -161 -7 -12 -126 15 -200 -26 -58 0 8 11 0 0 -162 -84 -56 -94 75 0 61 -103 -64 -129 67 -182 67 -97 -19 68 48
0 -152 89 32 0 26 80 -200 0 0 -199 91 123 -200 -176 0 -97 -174 -47 -10 107 8 -175 0 -31 0 -12 0 -59 -200 40 120 -128 0 113 -12 -95 -149 -124 89 -54 -181 0 0 -54 -61 -162 -30 0 -180 -200 -144 -200 -40 0 -200 -141 122 15 19 27 -78 21 -135 -72 6 -59 118 -197 -200 -61 114 -62 -49 116 -162 42 -200 0 39 48 13 -200 -164 0 110 -39 7 -200 0 -102 -200 -143 0 -102
-163 -71 -186 0 0 -151 0 -54 -106 0 -149 -36 0 -161 0 -183 -143 -10 0 -145 0 -71 -79 -193 -181 0 0 -65 -200 -18 -195 0 -131 -200 -132 0 0 -200 -164 -16 -200 -200 -54 -194 0 -168 -161 -174 -200 -178 -168 -200 -30 -147 -115 0 -60 -93 -75 -49 -127 -130 -14 -15 -70 -70 -200 -23 -127 -61 -61 -200 0 -2 0 -200 -67 -200 0 -142 -43 0 -149 -149 -173 -22 -92 -32 -87 0 -158 -200 -22 -152 -33
-95 0 157 -112 -44 -200 40 26 -180 -200 51 140 -200 138 24 147 140 122 73 72 0 147 42 0 -60 -53 -26 -200 105 -55 0 -185 -168 -114 128 -197 -199 34 120 114 -200 -70 -76 -200 115 -199 -38 86 17 -131 0 133 151 0 -122 -132 -166 -46 -103 -54 37 33 -32 41 -134 -21 37 -177 -28 118 63 -192 0 -37 86 62 -25 0 108 77 -195 118 -32 153 102 -134 50 110 -200 126 0 -104 3 -193 -200
-72 29 0 174 13 -141 -99 -165 -200 175 0 -124 -180 0 -12 28 0 -86 -104 -41 0 36 -200 0 0 0 93 -44 -13 -108 -200 -73 159 -171 -163 52 131 0 -126 0 -104 -8 112 29 129 42 6 7 -5 -200 0 -95 2 -80 -43 -76 130 -168 -15 169 -29 0 46 107 42 68 -109 14 -44 -200 -200 -186 74 146 0 -158 -137 26 0 66 85 40 103 -85 0 173 116 -135 98 69 -189 -44 0 -10 -103
-57 190 -120 24 74 -200 -62 0 -106 -133 -53 58 -65 -162 65 63 -105 71 0 96 111 166 159 0 -187 165 -160 -191 -122 1 -178 -200 -54 -149 170 -20 190 -13 141 34 162 136 0 0 72 -128 -169 -88 132 -200 -173 -74 40 -119 -115 -160 135 -200 -36 -26 -200 144 -168 80 24 -200 -28 -42 -136 -126 -147 -181 -200 10 99 -200 -192 -93 -120 140 0 112 -185 38 -200 0 -200 100 182 0 152 -104 107 -177 13
-193 -170 -164 -53 124 90 -127 -138 -91 -93 -52 -123 138 0 -125 -40 -200 14 35 61 -27 -115 -117 155 46 0 -1 -161 -44 -147 -1 -184 -86 -182 -199 84 -5 -73 0 95 38 -98 106 -54 19 39 -200 -100 -137 -200 119 -13 0 -15 156 -200 -174 -45 -200 -200 6 -3 -200 -128 27 -193 0 128 -158 -104 82 -125 123 -80 114 -191 -186 -200 145 130 -169 112 139 -75 -200 -171 77 -115 -177 -22 -61 -151 -200 0 96
0 0 56 -179 78 -183 16 -176 0 -154 -194 -195 -189 72 -158 0 118 45 -120 3 80 -79 0 0 54 -125 -128 107 84 0 -55 0 79 -195 -5 -16 21 -78 -200 56 -53 121 -75 -15 59 53 -200 -34 0 -94 76 0 -157 70 -194 33 -106 0 -39 -200 -63 88 -121 14 27 0 0 108 -10 3 -174 33 45 0 -124 -197 -68 -54 -72 -3 76 -200 -181 -22 -27 0 129 -44 -69 4 -161 -47 -200 90 -14
0 0 -78 -200 -200 -102 -200 0 -12 -153 -200 -63 -167 -167 -123 -58 -32 -200 -74 0 -16 -166 22 -174 -42 -100 -139 -24 -39 -197 -23 -104 -144 -200 -110 -6 -200 -106 -102 -92 -40 -86 -26 0 0 -192 -36 -200 0 -142 -66 -59 -169 -200 -67 -141 -17 0 -200 -155 -85 -195 -168 -79 -46 -105 -30 21 0 -200 -75 -118 -185 18 -183 -76 -144 14 14 0 -106 -200 0 -77 0 -116 0 0 0 -95 0 0 0 -200 -136
-109 25 -71 -46 -38 -13 32 0 66 -195 -113 -78 -113 -45 -113 -198 -20 21 0 -134 -63 0 0 8 7 59 -106 -200 0 0 0 -200 -1 -123 -34 -11 -35 -171 3 0 51 -185 -3 0 0 7 -49 -84 -154 -175 -200 -59 -52 0 -200 -168 0 -200 -153 -27 0 48 39 -171 -28 -37 52 2 -200 0 -41 -149 0 30 -91 22 32 -168 -155 57 -89 45 0 -200 48 -141 -121 66 -200 0 10 -200 0 -200 -41
-169 -91 -134 -200 -194 -50 -168 -70 -22 -65 -110 0 -171 -200 -200 -96 0 -121 -200 -102 -94 0 -163 -181 -152 -70 -117 -16 -135 -136 0 -140 -147 0 -140 -79 -200 -200 -151 0 -27 -46 0 -75 -62 -136 -22 -96 -105 -71 -91 0 0 -134 -70 0 0 0 -200 -76 0 0 -148 -132 -200 -148 -62 -86 -72 -139 -199 -59 -88 -6 -107 0 -18 -200 -39 0 -193 -108 -200 0 0 0 -18 -195 -200 -72 -60 -128 -34 -39 -90
-180 -146 -102 -110 0 -108 -11 0 -199 -104 -61 0 -4 15 -158 -103 -200 -71 -143 -200 -200 -40 0 -52 -43 -108 -184 0 -140 -55 -127 -57 -145 -200 54 -78 -91 -102 -130 -26 0 -148 -163 52 -11 0 -11 -195 0 33 -200 -131 -84 -7 -32 -82 -185 -169 -61 -170 0 0 -200 -76 -187 0 8 -127 12 42 -72 -146 -106 -78 0 50 -139 -126 0 -26 0 -177 -9 -162 -71 32 -200 -200 0 0 40 54 0 -34 0
163 -55 63 -104 0 -127 -33 -133 -200 -144 -136 163 74 -118 95 -159 -200 -91 83 -126 39 109 -139 124 12 0 -200 0 166 -200 48 -200 -91 -132 0 -16 -174 -14 -76 156 0 -195 0 19 0 76 53 44 -178 -179 72 -187 -21 -200 -120 33 124 116 -200 -23 -200 128 78 0 132 -152 22 -101 -31 -98 166 -20 -109 -171 -53 -94 63 63 -21 -70 152 -53 -169 42 0 168 -158 -188 18 34 -200 -200 0 -59 153
200 -88 0 0 0 9 154 -69 -180 110 -64 85 74 -71 117 -110 0 200 41 160 148 -47 -184 -128 200 185 154 -84 86 146 0 73 -40 0 0 200 200 0 -151 74 48 200 -2 86 200 27 56 126 136 148 200 111 -156 -134 189 11 200 -136 14 -200 0 -170 -144 89 -171 0 0 -13 0 -11 200 85 55 -72 0 200 12 -165 -21 -199 200 -189 0 -175 1 0 188 0 63 200 72 130 -160 65 -57
-147 0 -190 0 0 -200 0 0 -121 -181 0 -7 0 -200 -54 0 -200 0 -200 -79 0 -200 -4 -34 -157 -9 0 -164 -86 -178 -105 0 -142 0 -200 -40 -9 -84 -200 -166 -161 -144 -156 -200 -200 -75 -132 0 -200 -85 -75 0 -81 -200 0 -126 -27 -8 0 -159 0 -92 -119 -69 -125 -196 -36 -27 -9 -170 0 -186 -74 -4 0 -56 -18 -138 -194 -10 -41 0 0 -69 -81 0 0 -8 -116 -191 -61 -200 0 -100 -31
-127 -54 -200 -200 71 -143 -112 -13 -200 -16 -149 -111 -173 -85 -94 0 -95 69 -146 0 -119 0 45 -75 -115 -71 2 38 -136 75 25 0 -48 -101 -141 87 -101 -105 45 -192 -75 -158 -3 -32 0 -200 -26 0 0 -200 10 -9 19 -200 -188 0 -200 -63 33 85 -117 -57 -35 -146 0 -18 -109 -36 21 0 -200 -65 -76 -108 0 -172 -37 -173 -200 0 -149 -150 0 -165 0 -151 -163 -8 -17 38 -200 46 94 0 -68
-12 -28 -18 -122 0 -83 0 -114 0 0 -115 29 0 -197 -111 0 -51 -197 -96 -200 -154 -16 -200 -169 -166 -81 -28 -106 -111 -110 -200 -43 -52 -172 -100 -167 -22 -148 -174 0 -109 -71 -200 0 0 0 29 -177 -162 -136 0 -70 -200 0 -107 0 0 -115 -200 -51 2 -181 -183 -152 -58 -106 -105 21 -157 -200 0 -200 -200 0 -100 -200 -1 28 -174 -92 -174 -163 -140 -16 5 29 -68 -200 0 -200 0 -75 0 -164 -164
-4 -98 -182 0 -38 -70 38 8 -200 0 -64 -25 -113 -42 -61 -200 32 22 56 0 -86 25 23 62 -200 0 -200 -118 -55 -147 58 -200 -48 19 -120 -37 -73 0 -84 65 -162 0 -200 46 9 -200 -104 2 -23 -36 -22 -187 -172 0 -107 0 69 0 0 -190 -42 -168 0 -101 0 -8 -200 0 42 -164 -71 -117 0 -200 -200 -111 -33 -174 -81 58 40 -200 3 -148 0 -58 48 16 -75 -200 -200 9 -146 -63 -12
-102 -17 32 -149 26 -200 -52 -196 -72 -122 -64 113 -18 -199 144 -21 73 -22 -164 -200 0 0 132 -200 0 -158 102 -200 -30 -170 119 -14 0 0 0 -27 -186 -63 -104 -187 -200 51 48 -162 76 -189 -200 -152 27 -88 -177 0 163 160 -200 -198 -129 -200 58 -39 -182 19 -79 90 -200 -200 33 -87 0 -143 149 64 0 -5 11 -142 0 -200 84 0 -113 -137 -200 -160 -200 -118 -129 120 -5 48 -124 0 125 -34 2
-59 -99 -58 44 63 -200 -200 0 0 0 -103 -5 -193 -110 12 30 0 0 -26 -65 0 -37 -200 -94 -108 50 0 56 57 -74 -46 62 -200 -165 -35 76 0 -72 81 -84 0 -34 0 17 -161 65 64 54 -29 -80 -125 -199 -200 -200 -78 -74 -17 -45 -63 -200 -125 -36 -197 -200 0 0 0 0 -190 -200 -189 27 0 18 -163 30 0 0 -89 78 -163 -51 -125 50 0 -45 -24 -157 -2 -6 0 -180 17 -8 -131
-200 184 200 -36 200 -164 200 -160 0 -43 200 0 0 47 157 -151 0 -175 200 177 54 -200 -11 0 -121 31 -200 -74 0 -146 153 6 -50 -179 144 -45 139 200 -155 -180 -92 165 41 200 -160 0 200 176 8 -165 -81 164 -135 -153 81 52 46 -88 200 65 -110 83 -200 0 0 200 26 -67 174 200 176 -179 113 -45 97 -57 0 -40 -188 -54 -163 -83 170 0 -74 200 0 149 0 0 49 37 -50 -165 167
-60 26 200 -24 -103 200 -79 138 200 200 101 15 -30 98 11 200 -113 195 146 78 0 -3 200 -122 -130 101 200 89 143 0 -200 -193 200 -108 124 -104 0 -158 -67 91 54 10 -200 -197 200 130 8 -200 -120 -84 191 -129 -81 200 112 0 25 -200 -200 83 0 -46 -175 -46 29 0 65 98 -200 -200 -117 200 -169 -107 -109 149 -65 93 -144 0 64 160 200 57 -22 -186 -123 200 -172 200 -30 189 0 51 -200
0 -183 -1 -200 -128 -72 -156 -30 -39 -26 -103 -82 -119 0 -165 -194 -121 0 -191 0 -76 0 -184 -78 -79 0 -130 -200 -200 -86 -199 -169 0 -42 -65 -200 0 -120 -28 -81 -171 -63 -55 -174 -156 -120 0 -10 0 0 -21 -119 -143 -176 -86 -69 -127 -176 -100 -200 -193 0 -126 0 -154 -200 0 0 -89 -83 -130 -119 -200 -200 0 -118 0 -167 0 -199 -122 -47 -142 -200 -86 0 -144 -26 -26 0 -39 -200 -200 -62 -109
-106 -195 -200 -200 -195 -42 -152 -30 0 -193 -49 -24 -66 0 0 0 -79 -162 0 -116 -133 -76 -126 0 -5 -200 -29 -145 -3 0 0 -34 -157 -165 -68 -197 -140 0 -169 0 -71 0 0 -24 -191 -127 0 -111 -25 -192 0 -158 -17 -200 0 -66 -67 -164 -200 -200 -31 -60 0 -200 -185 -200 -145 -69 0 -130 -140 -200 -121 -72 -200 0 -76 -176 -94 -93 -200 -181 -200 -134 -200 -170 -200 -200 -114 -164 -54 -29 -39 -105 -58
0 0 -137 -16 92 0 -39 -190 104 -18 -200 -169 85 -24 -90 -173 109 -92 6 57 -200 92 87 -74 77 16 -114 61 96 0 102 -3 95 -6 -154 -176 -200 104 -188 11 0 -115 51 -200 -91 20 0 -200 36 7 89 28 -125 0 -200 110 -84 25 46 -136 -137 -153 -53 -200 -113 -121 -153 -175 62 81 -11 -166 0 33 0 0 54 49 -106 0 -94 -166 0 -125 -75 -80 -54 -112 31 -200 -101 30 -200 -139 65
0 -196 -32 0 37 0 -59 -154 -200 -151 0 -130 -200 -200 -186 -200 -81 -200 -197 -174 -180 -184 0 -200 -16 -64 51 -75 -50 -189 9 -58 -199 17 -99 0 0 -1 -188 -200 -35 0 -96 0 49 -142 -30 -126 -187 -56 -51 -64 31 -194 39 0 -200 46 -199 -188 0 -200 -55 -135 -139 -34 -127 -188 9 -200 -183 -36 -200 -3 -169 -131 0 -156 -145 0 -119 0 -37 -200 -200 0 -200 3 -196 -153 -161 41 -112 -100 -48
-200 -146 -112 -193 -111 -115 50 0 -54 -85 -171 -14 0 0 -8 -147 -85 -200 -133 -7 -59 -157 -115 0 -97 -165 -138 -99 -34 -37 -200 14 14 -36 -200 50 -72 -86 -200 -43 -19 -200 -188 0 -124 -2 -162 16 -39 -107 2 0 -103 -200 0 -18 -131 29 48 -172 -10 16 -29 -127 -188 -70 34 -200 -43 -145 -29 0 -200 -142 0 12 -6 0 -165 -142 -200 -105 -154 -28 -177 49 -142 27 -15 -99 0 -89 55 -38 0
-200 -187 -95 -149 38 -11 -189 -20 -196 0 0 33 0 0 -134 0 -81 -37 -9 -119 0 -77 -199 -84 -137 -180 -200 -30 -4 -200 -34 -91 -108 -200 -77 -138 -92 -143 -142 -152 -78 -200 -117 -82 0 -170 -79 0 -70 -200 -28 -197 -126 -48 -184 -152 -152 -123 -61 -171 0 -22 0 -200 0 -143 32 0 -102 15 -34 -143 -186 -200 29 -200 -133 -184 -60 -193 -95 -104 -21 -171 -115 19 -200 0 -146 -101 0 -55 -70 -168 -46
-67 -74 -136 -66 -113 -200 0 -137 0 -34 -200 -171 0 -35 -151 -24 0 -144 -52 -200 -164 -177 -200 -200 -26 -200 -81 -6 -61 -177 -29 -158 -200 0 -121 -47 -200 -190 -200 -200 -200 -200 -200 -200 -109 0 -123 0 0 -135 -105 -11 -187 0 -149 -126 0 -66 -200 -200 -15 -74 -184 0 1 0 -182 -24 -200 0 0 -162 -152 -59 -128 0 -55 -200 -200 -66 -193 -116 0 -96 -194 -23 -24 0 0 -173 -156 -195 0 -86 -55
-131 -54 -69 -27 22 -192 0 41 -189 -153 -14 -29 -200 -69 -143 -132 -32 0 -5 -5 -200 -146 -138 0 -143 -134 -94 4 -69 0 0 0 0 -200 -38 -158 5 -200 -200 11 29 29 0 -151 -113 -141 -144 -8 29 -35 0 -101 0 -200 -49 0 -137 30 -196 11 -177 -86 -49 -134 -77 0 -188 -86 -144 -163 -197 -172 0 -142 -6 -71 12 -19 -69 -34 -45 -196 13 38 -115 -155 -171 1 0 -200 -31 0 0 -54 0
-191 -67 0 -39 -118 -138 -40 -94 0 0 -109 0 0 -145 -126 -29 0 0 -131 -107 -121 -100 -200 -45 0 -200 -67 -200 -27 -200 -121 -200 -143 0 4 -185 -73 -85 -121 -89 -200 -32 -200 -196 -164 0 0 -59 0 -77 0 -200 -28 -200 0 -58 -176 0 -109 -165 0 -195 0 0 -200 0 -160 -12 -200 0 -112 -134 -72 -122 -149 3 -149 -129 -200 -131 0 -11 -200 -200 0 0 5 -103 -200 -73 -70 -133 0 -200 -31
-183 -195 -104 -21 144 -30 -55 0 -117 -117 -170 67 0 0 -152 -19 -200 -160 -200 -188 136 -178 -176 -102 -149 58 -69 -57 98 22 110 0 -79 -140 0 -129 -115 -116 -48 -80 -144 -184 -103 84 -195 61 -33 -200 11 -200 55 -94 0 -6 -44 131 83 38 6 0 -124 74 -155 69 68 136 0 -85 -63 -70 -10 0 -148 4 95 63 -73 -51 -6 136 -102 -102 55 139 93 -200 -92 -94 -82 -200 -70 -200 121 -9 -200
-138 -192 62 0 -181 -165 -141 -141 0 -135 -103 124 -152 -87 0 0 -38 8 38 -200 8 0 0 -200 -200 0 -95 -141 42 -30 10 -160 -147 -112 132 -54 -123 151 0 -110 -70 -130 -117 -200 -125 17 129 0 -158 138 117 96 -37 -7 0 -99 10 4 0 138 -13 0 0 -78 7 -7 115 97 -200 -108 -142 111 -88 101 127 -141 145 -181 -42 80 0 0 112 84 -171 -178 -200 4 -195 139 99 -20 126 -92 -200
0 -200 -21 -52 -200 -159 114 84 -165 -21 -75 0 51 1 -14 -28 -50 -61 -54 54 117 -103 -49 71 41 -20 -200 -42 103 -42 -72 29 135 0 12 -133 90 -133 -106 -170 14 -200 -70 0 -42 -112 -28 -93 -174 -70 -200 -161 -200 11 115 -200 -3 -164 -199 141 -200 133 78 0 155 141 78 32 130 -133 0 57 -40 -104 0 -121 56 -185 -159 -96 -122 17 0 34 -88 129 0 32 -200 98 158 -200 0 -155 -45
0 -57 64 56 75 115 113 0 0 74 112 70 83 -61 -185 -115 42 -92 -78 -200 0 -191 77 71 61 -86 102 -200 0 -107 58 -122 9 -43 -106 -35 59 -174 110 103 -72 0 0 6 -54 -36 -82 76 10 0 -186 102 -28 47 -200 -102 -86 -15 103 -3 -188 22 -96 76 -200 -79 -71 -200 -12 -52 -13 -200 -186 -95 61 -170 64 0 -27 -99 -200 -158 -200 15 -200 -200 -116 89 -130 -54 32 -77 0 -135 -117
-81 -168 -160 -109 -107 28 -138 0 89 -200 69 0 -135 110 -106 41 -181 -200 96 35 -111 -58 -158 -119 -152 -198 84 61 0 -74 -200 -47 -82 -105 14 -41 -103 19 92 -63 -108 -185 -137 0 79 -122 -200 -122 -133 0 -49 0 97 -155 0 -147 0 100 -200 -126 55 -200 -112 -87 -29 -191 -59 -146 87 87 27 -39 0 -200 -43 -92 -43 -129 -82 -45 58 -111 -121 -112 -123 -82 100 -200 -65 -78 33 -141 43 -120 0
-146 -195 58 0 0 105 -160 87 -86 140 41 132 0 158 -60 -186 142 -52 48 -138 -122 0 -3 -200 -200 -162 93 -59 -21 -43 11 -126 166 -200 -200 -200 -114 -46 135 -189 0 118 -94 182 169 -200 122 16 70 -108 149 28 155 -128 120 23 -73 -146 -180 7 -58 82 -21 -62 80 -4 0 -200 -196 0 15 -179 -137 -16 0 59 125 66 -178 0 127 -156 170 85 102 47 66 144 0 -121 -4 57 2 111 0
-200 -87 -92 0 -200 -83 -200 0 91 -166 -148 -97 77 -116 -12 -200 -149 0 60 -147 -144 44 -167 -200 30 -92 -33 -10 -116 -9 84 -188 -81 -192 -200 3 23 0 -57 0 -33 -42 0 -79 0 -139 -115 -107 -4 -121 85 0 23 -120 -200 48 -97 20 33 98 -54 22 -100 0 -96 -5 -180 -34 0 80 0 -83 -196 105 19 -200 51 63 -200 -6 -199 -184 20 0 34 -75 4 0 -88 81 0 8 42 58 34
-200 -171 82 -70 -175 -26 -24 -111 -10 -126 78 49 0 -200 71 40 -151 -9 -75 -200 -100 -182 16 -200 0 49 -164 0 -89 -165 0 -61 -22 -125 0 45 -105 -43 0 73 -192 -107 -48 31 0 29 78 39 40 58 -200 -71 -48 45 -185 -135 -159 -200 -200 -65 -144 28 0 -103 -200 -200 -68 -173 0 9 0 0 -59 -160 -200 -21 -28 62 -84 -146 78 -198 -129 -74 0 -194 -144 66 -34 13 -178 1 13 -156 -99
0 24 -17 -85 0 -150 69 -39 -198 -12 109 117 -72 24 -200 -148 -110 85 115 -94 -37 60 101 25 -200 -123 -200 -197 51 -58 98 -36 -48 80 -164 0 -51 -200 -200 0 -56 0 69 -158 -94 -98 -78 -171 -19 64 -198 0 -16 -27 0 0 -129 -171 48 -138 -26 67 -26 8 -167 -131 -46 61 -45 -200 -119 -200 -172 0 -92 -153 58 -172 0 0 81 0 7 -161 0 54 -200 -86 39 45 -200 -153 -32 -132 55
88 -39 -200 -149 -87 -50 -200 90 -136 0 35 0 -107 -126 -79 85 -25 -164 22 -103 0 85 -200 -139 -76 -194 112 -70 0 -200 -62 -197 9 103 -171 20 0 0 -124 -178 -16 -136 0 0 0 27 0 116 -7 58 90 0 16 -200 47 -200 -200 0 52 0 18 80 -200 -131 61 0 0 34 -173 47 -168 -131 77 70 75 -63 -200 0 -153 -162 -179 -126 40 -4 -198 83 0 -193 0 111 -93 2 89 52 0
0 -6 -70 56 -184 113 -177 -102 -193 52 -114 -200 148 -34 45 -126 0 -122 -200 15 -200 -105 113 -154 101 -180 -200 -128 122 -135 0 -50 110 0 0 -94 -153 57 -27 -157 -36 -160 11 0 92 151 16 25 -83 20 -58 0 -167 109 -196 -184 0 56 147 58 142 0 85 37 -102 47 -50 0 -2 -10 -137 69 -17 61 -200 -98 15 -22 -126 -70 -74 -188 -9 149 29 0 -1 -13 44 -63 151 50 -121 -182 -171
-200 109 118 0 5 -76 84 -165 -200 -82 74 -200 -35 -21 -65 -193 120 9 -104 -48 -52 87 -13 124 0 49 -46 0 16 -7 -200 -136 108 87 100 49 75 -8 0 -200 0 -28 91 -102 66 -57 82 -9 -101 0 -200 -159 136 -200 -78 140 60 -200 -200 -36 -76 0 -68 103 0 -41 10 0 -157 -154 128 -200 0 0 -200 -22 -126 115 -179 -13 -12 0 -200 36 -93 88 135 -190 47 -137 -130 -161 96 135 -89
-6 -103 57 -64 -118 -200 -195 -62 12 -200 -16 24 -139 0 45 0 -130 -108 0 7 -84 75 -107 -200 -7 0 60 -55 -133 -24 5 -200 75 -48 -31 -11 54 -200 -200 -200 -80 73 0 -61 -56 -112 -4 26 -200 -56 -24 -51 46 -96 0 -38 24 -198 31 -40 15 90 73 60 48 87 0 -76 16 45 -59 47 36 51 -200 90 48 0 -175 26 -200 -66 -17 -159 -38 25 -200 -143 -56 -35 52 -3 -146 -200 80
-200 63 -8 -25 30 -136 0 -94 -66 186 0 0 -23 88 146 -173 -174 -123 16 87 -76 96 -140 -22 -200 0 106 -200 -46 147 -188 -200 139 -60 70 -74 -190 -97 103 191 187 0 -200 121 -12 -169 94 -73 161 0 78 178 0 99 -94 6 25 -44 0 119 3 -161 154 32 -89 64 -6 98 -14 60 -32 -109 -60 35 31 -200 -200 122 139 -60 -160 0 -66 -56 -161 14 -200 0 -132 0 -59 0 82 -200 117
-99 -59 -176 0 -162 0 0 -167 -119 55 0 83 -200 0 -175 -193 -55 -69 -160 151 160 -200 82 0 99 -105 0 -200 55 31 -144 127 9 81 7 -129 103 107 -64 -200 72 -18 -140 29 44 103 -57 114 -23 61 -111 -200 0 -27 -141 16 -151 52 -115 155 13 -200 -125 115 -200 -84 -137 -75 0 -7 -200 147 147 43 -55 -7 -144 -131 -104 159 -26 -133 24 46 151 -89 -153 -109 -66 -89 -195 111 0 -185 4
-9 -184 4 47 -185 0 -160 -63 68 -200 -200 -171 -36 -200 42 -55 -67 0 -24 -200 -63 -200 -187 0 63 -178 -200 -7 -17 87 93 -152 0 -59 64 -200 32 -121 -138 -38 -123 -192 74 -162 -165 -47 -73 -165 0 -9 0 33 -21 -41 -18 -110 -130 82 -200 -127 73 -13 -47 -25 -135 -200 -97 -42 -6 -123 -200 -179 -159 -188 -36 -52 0 -144 -122 -80 0 -32 -200 -16 61 0 -85 -167 85 0 -200 -155 1 -4 -164
-148 -164 61 82 44 -197 8 74 -200 -29 30 65 67 8 15 -186 -71 -96 -53 -104 -67 -200 59 -22 -181 -30 0 -34 62 -52 -35 -99 -68 -85 52 -131 -160 33 44 -200 29 -49 113 -181 0 64 103 75 -200 0 0 0 -74 -200 81 61 123 119 -10 -147 15 -200 -141 75 0 0 -9 -167 21 -107 -166 11 67 68 131 -36 63 -153 30 135 40 55 -37 -200 -122 -97 -167 118 16 -174 -168 -165 -180 0 30
-133 0 -24 -68 0 -183 -85 -37 0 -200 -200 -172 0 -143 -73 -200 -74 -6 -200 -131 -200 -33 0 -124 -116 0 -34 -110 -200 -91 -104 -90 -151 -76 -200 -178 -94 -65 -162 0 -97 -93 -200 -200 -172 -42 -32 -185 -73 -189 0 -198 -47 -200 -74 -173 -65 -200 -27 -171 -19 0 -200 -99 -125 0 -93 -133 -141 -102 -113 -200 -11 -64 0 -200 -24 -92 -154 0 -45 -200 0 -151 -47 -93 0 -200 -15 -22 0 -65 -69 -127 -108
-66 2 -125 8 -140 126 -16 -62 0 91 -200 0 8 -200 -4 71 -7 107 -27 71 82 21 61 8 -12 -200 -200 -94 -35 67 0 -111 -108 -99 163 -113 -56 165 -200 -187 45 -112 -137 53 -200 143 8 -33 143 83 79 -62 -200 67 90 -27 -74 -20 -18 113 20 -77 -200 -16 -54 -94 -13 0 -189 -200 50 -200 -181 138 -200 -91 54 183 -33 -97 35 122 20 -84 18 -139 -197 -1 -123 -105 -64 75 -7 -112 -80
-11 -200 11 -112 88 200 0 -180 83 200 -98 71 200 0 -191 -186 58 -200 -81 -20 0 0 -187 33 200 -151 -21 200 -92 188 -134 -39 -200 105 -6 -18 77 153 49 165 59 10 0 192 -111 -132 145 -91 -83 -35 -200 39 0 200 57 -155 156 38 -180 4 192 200 200 -164 115 133 58 -2 0 -101 -200 200 0 -185 -82 200 -57 -200 180 50 87 -105 -75 139 92 -89 -86 131 31 -123 33 7 -165 0 -156
-169 -187 -65 -72 -70 0 -200 13 0 -176 -143 0 30 -177 -2 -200 -24 0 -170 0 -40 -118 -165 31 27 -16 -173 -189 -132 -17 0 -85 27 0 29 0 -75 -144 -112 -200 -103 -30 -37 0 -200 -68 -200 8 -23 -96 0 -125 24 -95 -109 15 -115 -9 -121 0 -114 -200 -106 -45 -182 -200 0 -80 -197 19 -100 -149 6 -71 0 9 -200 0 -200 6 -192 -200 -200 29 -200 -81 -178 31 -200 0 11 -200 -68 1 -167
100 141 -147 -200 131 -189 -38 -115 71 -11 53 101 94 87 -149 -4 -197 2 90 0 -200 6 -200 22 -30 58 51 153 74 -34 -1 19 -116 -177 -114 0 -166 0 0 -114 0 -109 77 120 146 -51 141 77 -111 -200 83 143 0 -64 46 0 127 -66 11 -133 -12 103 157 30 -168 146 -26 -14 -81 -125 -152 47 -191 0 53 14 -75 103 -119 -114 0 -167 -136 4 -46 -200 -197 -73 6 -56 -59 46 53 -119 -102
-172 -56 -175 -154 -110 -121 4 -51 0 -178 -137 -131 -8 58 -64 13 -132 -67 -20 15 7 -118 0 0 -200 -36 8 -100 -200 -39 9 -185 -200 -3 0 -92 0 -166 0 -107 -192 0 0 -144 -200 -34 -17 48 0 -200 0 -94 0 -200 -62 -131 45 -200 0 -200 -141 -37 62 -104 -72 -44 -171 -64 0 -23 0 -200 -18 -121 -152 -200 -169 -48 -200 -70 -200 -86 -102 -90 66 30 0 -138 -126 -162 -46 0 0 -17 0
59 142 130 -98 103 192 -63 -200 -191 -74 114 -141 -164 -65 -181 200 109 -45 -39 200 79 -19 200 200 187 -10 -55 -103 -22 -174 -156 0 200 -131 -62 69 76 200 200 -199 -150 -88 -200 200 0 110 117 120 -131 178 0 200 125 0 77 -123 -200 -200 -86 0 195 31 196 0 37 200 -148 57 -44 0 113 -198 -200 125 -181 -200 -182 197 200 -163 -28 -77 -52 0 -135 200 174 107 166 34 200 -182 0 -163 -200
