58372813 53 4 1
-12 -47 -157 -183 -159 -132 -123 0 -165 -69 -96 -58 -56 -12 -145 -53 -185 -200 -190 -65 -83 -47 -176 -44 0 -104 -144 -200 -138 -16 -59 -121 -29 -146 -168 -152 -200 -200 -35 -173 -189 -198 -200 -48 -108 -200 0 -159 -20 0 -2 -79 -28
-90 0 -199 -163 -93 -14 -200 -71 -127 -200 -154 0 -137 0 -3 -200 -192 -140 -37 0 -135 -184 -185 -179 -200 -44 0 0 -141 -79 -177 -163 -151 -75 0 0 -80 -200 -91 0 -169 -12 -33 -41 0 -200 -200 -8 -187 -75 -7 12 -200
-127 0 -72 -185 0 -55 -200 -200 27 -200 -70 0 -48 -101 -67 -108 -1 -200 -54 -18 0 -200 0 -134 -200 -200 0 -17 -26 -171 -74 6 -160 -74 -34 0 0 0 -11 -82 -104 10 -197 36 -189 -200 -95 -149 11 -87 -65 -5 -154
-65 -50 -9 -179 -23 -194 -21 -129 -108 121 90 6 -181 0 -17 -40 48 -200 0 -195 -7 -200 -138 -200 0 -177 -117 -154 -1 -163 -2 -114 -193 -29 -200 -61 -18 20 -165 -150 48 73 111 -175 -135 47 -117 72 -200 0 0 -90 45
-114 29 168 -200 -127 0 4 -17 -167 76 -200 0 -106 178 0 122 -180 -17 25 -70 54 -197 -121 -170 91 -191 158 77 -53 104 -53 0 -179 0 60 -34 -45 -129 94 56 162 0 18 136 -172 55 -133 0 -8 -58 126 -142 -186
133 -17 -132 -200 14 29 -199 -200 -21 138 0 -83 -200 -200 154 61 149 -155 68 0 0 0 -96 154 -62 157 0 117 -92 -126 54 -128 0 134 0 -169 -75 -200 135 -23 5 51 73 -17 -200 -19 -67 -130 0 0 62 -27 -145
-81 112 -200 -61 -180 -155 -121 -172 0 -144 -145 -125 83 61 0 -170 -178 -97 1 7 -38 0 -181 -123 67 100 -101 -200 -64 -159 59 -7 -124 -81 -151 -200 -66 62 0 -174 89 0 -27 -68 -181 69 -200 -200 -1 -173 -174 -200 -29
-176 -5 -25 -184 -128 30 -93 -200 41 24 -31 -149 -177 116 0 -111 112 11 41 96 -185 -200 -200 -33 -145 15 -161 109 -157 89 -153 -102 51 -200 71 0 81 -40 0 -98 -200 -20 -199 68 80 -109 -122 -115 0 45 -200 21 38
-96 -131 -189 -200 -72 -80 -42 -39 0 0 -191 0 -106 -153 -27 0 -148 0 -200 0 -96 -180 -200 0 -200 -18 0 -168 0 0 -138 -23 -171 -15 0 -52 0 -56 -180 0 -66 -154 -102 0 0 0 -78 0 -143 0 -62 0 -35
-47 -200 0 79 154 -200 14 90 -200 -95 -38 120 -65 -200 0 -200 142 8 -200 0 -160 -174 25 -26 -200 -104 -200 131 109 151 -200 86 0 0 -176 75 -67 -166 -4 134 -200 121 164 -41 0 -33 10 -65 -43 89 -4 113 0
-200 -32 25 -162 0 -101 -51 37 0 24 -152 0 -185 40 24 10 27 28 0 -41 -20 -182 -123 -113 0 -200 -97 0 17 0 0 -200 -57 12 0 -40 -144 -145 -141 -200 -193 20 -1 62 -200 5 -71 -44 0 -81 -125 -25 -148
60 -200 -146 51 -198 21 0 0 0 -186 -168 0 -172 -54 0 -136 14 -195 -192 -153 -50 -25 -200 -98 0 -173 -96 -120 -20 -149 -16 -61 -1 -131 -145 -127 -121 -200 0 -171 -80 -159 -92 -200 0 -200 -110 -163 96 -200 -55 0 -69
-120 -66 58 -47 27 -18 7 0 0 -180 -129 -200 -169 0 -200 -139 -157 0 -200 0 -50 -157 54 -122 -36 0 -200 -116 -113 -190 -200 -200 -160 -200 -139 -95 -200 -124 -75 22 -177 -200 -127 -37 0 0 -127 22 -61 -128 -135 10 -200
0 -156 -81 -173 3 -10 -26 0 -200 -139 -24 -200 52 -60 -120 0 -152 -85 -200 -200 14 -39 44 -90 -2 -22 -71 -153 -114 -112 -131 0 -190 -200 -136 -49 -185 0 -56 -6 46 -42 -86 -76 0 -154 -101 0 -134 -40 0 -26 -23
-43 -133 -200 -200 -96 0 0 -25 0 -183 -146 -87 -120 4 -120 0 -191 -197 -49 -15 -200 0 -2 -200 0 0 0 0 -22 -25 -157 -187 -43 -101 0 -186 -200 -200 0 0 0 -200 -55 -150 -49 -32 -127 0 0 0 -82 -200 -81
0 0 -149 -200 0 0 -154 98 0 100 123 -45 -29 -26 -92 76 24 83 63 0 -200 -199 -98 -10 -111 0 133 -200 49 -150 0 -43 -24 142 119 -166 0 -200 -200 -114 143 -11 129 27 48 -97 -60 49 12 -146 -13 -200 -134
-178 0 37 -30 42 0 1 -200 0 -48 -18 6 -200 27 -20 -45 -134 -18 46 -130 -155 -147 -200 22 17 1 -155 -64 0 -200 0 1 -200 -27 -200 -200 -25 49 -57 -31 45 -200 -45 51 0 -48 23 48 -199 -45 0 -200 -40
-200 0 -200 -95 -200 128 110 -200 -200 -127 -151 -200 -12 150 1 -63 158 149 -200 -120 -164 -141 0 -104 -141 -55 -200 -69 32 168 0 0 -97 -85 -176 44 -200 -4 -50 20 -138 -90 -190 -200 113 -52 0 -200 120 -148 -127 89 -102
-29 48 73 -47 -30 145 -15 137 -166 0 -133 -200 -127 200 -115 24 53 -200 -200 -200 90 200 -147 156 23 71 -200 92 -82 -4 112 -200 -91 -8 -19 -10 -74 -167 -84 77 -120 113 154 -177 -186 180 -200 96 -200 -178 -5 52 -200
-194 -166 -177 -110 -72 -191 -13 -200 -14 0 9 -100 -30 -156 -200 0 37 40 0 148 -181 72 -200 -165 115 -90 133 4 0 -8 102 -200 -122 -193 -76 42 118 -158 -118 165 -200 -200 -137 -159 -169 -181 -14 -99 139 54 44 180 -195
0 -48 -23 -200 -200 65 12 0 39 0 31 59 -178 -185 -200 -74 0 -130 -42 -49 0 -149 -200 -168 -114 -200 -102 0 -52 -157 28 -64 -200 -185 -199 -146 -200 24 -188 -69 0 -200 46 -199 0 0 0 -123 -156 0 -179 -200 3
-75 -199 -146 -78 0 -200 -92 -93 -200 0 -200 -61 -174 -99 0 76 -168 -172 -195 0 61 -13 -152 -25 -112 -185 -124 77 11 -79 -140 20 -194 0 0 -66 -162 43 -29 -24 -102 -200 47 -56 -15 0 -66 -200 -200 -88 -157 -196 47
-58 -94 -149 -73 -19 -200 25 -139 0 -69 -93 -200 -102 -51 -114 0 -13 0 -132 -200 -200 0 -184 17 -170 -200 0 -200 -4 -196 0 -39 -26 36 -132 -91 -41 -189 -13 -80 -46 -56 28 39 0 -88 -126 -10 0 -166 -57 -93 -137
122 -200 24 -200 79 -167 148 -103 -182 144 -15 -131 0 -173 -74 -66 60 -8 0 0 111 50 78 -153 0 0 103 -192 -37 97 0 -49 -150 -175 -182 0 0 -84 2 159 -173 -85 0 -200 52 -5 -166 0 85 -193 -98 -19 150
0 -100 -24 -200 -17 -27 -154 0 -111 -154 -6 0 -36 36 -200 0 -49 12 0 0 -103 -57 -167 -62 -103 0 -41 -79 -192 -80 -108 -81 0 0 -18 -194 -194 0 -26 -44 -175 -108 -199 -200 -4 -38 0 -179 -169 -200 -110 -128 -200
-33 -176 -200 -200 -184 0 0 -181 0 -10 -82 -200 -189 -54 -26 -200 -124 -91 0 0 -8 -84 -200 -9 -109 -200 -131 -200 -40 -172 -200 -93 -6 0 -64 -200 0 0 -15 0 0 0 0 -66 -25 -162 -120 -200 -58 0 -9 -174 0
-153 -164 -85 -41 -91 -171 -200 -72 96 72 -30 58 29 0 -29 -200 -193 -71 -19 0 62 -95 -197 -109 -48 -110 -200 -174 -82 -86 24 -28 26 -179 -110 -68 -128 45 -19 -200 98 0 -120 0 -135 96 -37 104 94 -148 -57 7 -5
113 108 -63 110 -35 -54 0 -200 -200 -174 -59 0 -200 -25 -200 -18 131 -63 -128 -37 -58 0 9 42 -200 118 -200 -191 -121 -130 -169 72 -18 -89 118 -3 -194 -14 0 -132 -197 -66 -121 -200 -178 -65 -120 96 -16 -92 -107 -120 0
161 -40 -111 63 171 6 200 198 -48 -200 91 98 -59 176 50 -9 -164 193 76 -59 113 143 -34 0 200 42 -188 -200 -97 200 -200 -47 -71 32 -186 -156 188 -200 -164 -200 29 -179 -99 13 -55 -78 117 -77 160 -118 70 140 0
74 -129 32 54 -129 -200 -200 0 -200 -110 -136 -72 -73 35 -5 0 -22 -37 0 0 -51 0 19 -79 -87 52 -82 -147 -35 0 -49 -126 87 -20 0 39 -188 130 0 -163 -172 86 -142 -200 -174 -75 74 -104 -200 -77 106 -162 -20
-82 0 -200 -149 -181 -174 0 -163 -149 -123 -149 0 -200 -126 0 0 -28 -60 -60 0 0 0 -79 -161 -92 -46 -93 -53 -200 -78 -8 -144 8 0 0 -7 -42 -25 -86 0 -200 -16 -118 -51 -200 -200 0 0 -162 -59 -94 -141 12
-100 -197 -200 -124 -79 -20 -170 -9 -150 -200 -200 0 -51 -131 0 -141 -192 -35 -200 -104 6 21 -74 -78 -200 -89 -2 -152 -85 -174 -73 28 -109 0 29 34 -67 -12 0 -151 0 0 -91 -200 -182 -23 -200 -14 -200 -162 0 -11 -159
-61 -4 -179 51 0 -2 0 -134 -163 -196 -200 -200 -111 31 -185 0 0 -88 28 -15 -150 -81 -200 84 114 18 40 -48 -153 116 -183 -33 0 -193 0 0 0 -139 -184 58 -89 95 -200 -41 -1 0 -141 -180 -98 84 -29 -68 -194
-6 -84 0 0 -176 -200 -144 0 28 -200 -197 -200 -179 -155 -174 -19 -97 9 -156 -200 -114 -148 0 0 -194 -156 -172 -200 -83 0 -196 0 0 -200 -200 -88 -180 21 0 -37 -164 -31 -156 0 -65 10 -195 0 -85 -200 0 0 -75
85 -200 104 -16 124 122 -157 -16 88 10 95 0 91 -15 -10 87 -53 52 119 -30 -25 61 -200 -51 98 -112 91 -52 0 55 -200 -128 -62 130 -24 0 -6 -151 -157 -119 -119 130 -64 -194 -26 63 -189 -200 -183 -120 -61 -158 57
-66 80 -172 0 157 -28 113 -104 -35 -118 0 -23 166 -36 146 -153 -128 -200 -123 0 44 67 0 1 106 -94 -138 0 132 0 136 29 -4 -14 -74 -200 -12 96 -200 -132 -93 20 -100 -141 -138 -180 -134 29 1 0 -100 8 -46
45 148 16 -20 -22 -5 35 -135 -108 0 -200 -166 -41 146 58 70 -7 -182 -176 -32 17 -189 73 135 -200 -157 0 94 -175 -86 -54 -127 -200 -123 -67 -96 0 112 -189 -148 148 37 20 9 -119 -200 -16 0 147 117 0 -9 15
109 0 -3 17 199 116 -184 75 0 119 -74 154 -112 -72 187 200 -42 -5 -172 -179 -200 -9 176 9 200 151 -124 -113 -191 74 162 0 0 -96 -200 188 143 -160 -115 58 45 0 105 -125 -200 -31 74 -22 66 -153 -200 130 196
0 135 -168 16 -44 44 200 172 -134 200 45 -190 0 -194 200 -109 -11 108 -119 159 -41 -182 -132 -131 158 30 -200 -49 200 74 33 75 160 -112 -133 -74 -104 -200 -21 -200 -187 -101 181 -200 200 -199 148 -72 -154 -200 -157 -9 26
-193 0 30 27 0 -161 -49 -58 -200 20 -22 -188 26 -200 -200 -120 -139 -143 -137 -177 -51 -190 -168 0 -7 -122 -200 12 -200 -200 9 -35 -200 -152 -88 -7 -148 -111 -200 -63 -197 -176 -72 0 -114 0 0 -131 0 -100 -141 0 -72
-200 -141 -78 103 -131 0 125 -200 -93 -108 111 -111 -121 107 54 -154 -128 0 2 156 98 -12 -123 0 -60 104 151 -139 -138 -57 -31 75 -88 34 30 -162 0 0 -114 -17 23 26 -200 0 9 97 54 71 166 -116 37 42 0
110 -196 12 75 0 0 18 121 0 68 11 99 -136 -123 -34 -200 -33 -200 -135 120 -29 -107 -146 110 11 -134 -200 -14 -192 0 34 -117 -200 133 -200 0 41 132 17 -190 -200 -156 -136 -125 131 -27 162 -200 45 101 -97 0 126
81 -85 0 105 -177 -200 64 -200 -116 41 180 -75 -155 178 -189 -189 -47 0 21 88 -36 -83 183 -142 -25 96 32 -175 164 -128 0 -32 0 118 147 78 -35 171 37 89 -2 157 99 -200 -15 62 -200 79 177 -37 -34 71 -2
200 25 -126 156 132 -200 195 -53 -90 116 -42 156 -1 -200 17 8 197 185 32 -43 -150 -55 -200 -124 -60 -175 65 -17 -200 -100 0 -82 -200 0 -30 -189 200 -33 -200 -45 -61 191 -200 -67 200 -107 -6 -26 -165 0 0 60 -47
0 -139 -200 0 2 -42 -13 -186 0 -102 30 -89 -24 28 -200 -158 -200 30 -59 0 0 19 -19 -17 -200 0 -200 -200 -185 -55 -124 -200 3 -3 -74 0 0 -14 -115 -191 -97 -198 -29 10 -70 17 44 0 2 0 -44 -149 -91
-141 -200 -52 0 -81 -200 100 -200 -23 -64 0 24 -105 73 75 2 -200 0 -98 18 -200 -2 -193 -68 -120 0 -185 -27 23 88 -185 0 -186 8 -67 81 0 0 -52 -141 20 -93 -185 79 -131 -42 5 0 16 87 73 -43 -130
-174 -200 -86 86 14 -50 -160 0 0 143 -63 108 104 13 174 -134 -37 123 10 200 54 198 200 -200 -160 -121 200 -97 -200 14 -3 0 -129 58 -37 200 74 136 177 15 184 39 65 103 -200 22 46 -15 -194 -179 60 30 52
-125 -39 -200 -10 0 -129 0 -117 -42 -182 -65 -62 -1 0 0 -200 -161 -88 0 -184 -119 -26 -200 -168 -157 -83 -200 -148 0 -200 -164 -173 -74 -200 0 -2 -136 -146 -186 -9 0 -169 -110 0 0 0 0 -200 -183 -172 0 -69 0
-137 -64 140 -65 -62 22 17 -148 -182 -31 23 -200 21 -46 -81 79 -22 -60 22 -7 0 -75 -142 118 55 -114 -200 69 -31 -200 11 -84 -4 -200 -200 94 -59 -123 105 35 -183 -48 51 150 0 0 132 -150 -126 135 -131 148 0
0 12 9 -2 0 0 0 -132 -29 -200 -200 -99 -190 0 -41 -184 0 -66 -148 -27 -57 -107 -179 -200 -68 -86 -57 -69 0 -46 0 -94 0 -47 0 -24 0 -108 -200 16 -196 -98 -165 -200 -53 -8 0 -5 -21 -60 -200 -96 -200
0 0 -29 0 -18 -103 -93 0 0 -71 -200 -51 -16 -170 -1 0 -200 -178 -200 -98 -200 -37 -22 -177 -51 -200 -28 -46 -200 -23 0 -198 0 -7 -39 -44 -200 -45 -30 -38 0 -99 -200 -200 -23 0 -48 -131 0 -200 -43 -190 -10
-200 0 -126 0 -129 -161 -124 -86 -200 0 -63 -175 -186 -8 -160 -200 0 -89 -181 -200 -192 -89 -20 -93 -46 -167 -145 0 -121 -191 -200 0 -153 -200 -148 -80 0 -181 0 -83 -69 -170 0 -155 -115 -158 -132 -200 -26 0 -149 0 -97
-20 -23 -199 -68 0 -30 -116 34 -168 -133 -200 -68 -5 -89 0 -35 62 -200 -89 66 59 -131 0 -200 58 -125 -113 -200 79 70 -192 -108 -200 -145 0 0 -200 -135 17 0 0 -200 0 -32 0 -174 -78 48 -125 -200 -180 -200 0
0 -84 -32 -200 0 -32 -190 -124 -27 -164 22 -7 0 0 0 23 -182 -100 22 -200 -27 -90 0 -74 -111 -11 23 24 19 22 -85 0 -174 -14 0 -80 0 -192 13 0 -90 -200 28 -125 -108 0 -30 0 -200 -129 -24 -120 -200
