2 81 8 196
-8 -180 0 -110 -76 -80 -151 -200 -126 -66 -198 -139 -76 -111 -186 -73 -91 -163 -45 -50 -182 -193 -82 -103 -33 -191 -200 -35 0 -200 -64 -57 0 -176 -118 -161 -16 -182 -173 -158 -44 -58 -115 -162 -137 -16 -161 -155 -173 -104 0 -81 -140 0 -16 -197 -200 -70 -30 -136 -200 -35 -40 -100 -111 -127 -73 0 -176 -159 -162 -200 -146 -146 -26 0 -127 -3 0 -195 -121
-175 0 -200 -110 -82 -200 -16 -156 -121 -136 -148 -82 0 0 -33 -156 -162 3 -75 -3 -112 -158 -25 -111 -140 -200 -149 -10 -162 -99 0 -148 -103 -87 -94 -14 -175 4 0 -191 -187 -14 -34 -1 0 0 -190 -32 0 0 -200 -6 -83 -198 0 -70 0 -17 0 0 -50 -104 -200 -188 -125 -200 -200 -103 -141 -28 -200 -139 -62 -7 -71 -50 -150 -24 -176 -177 -200
146 111 -42 0 -13 -126 0 -184 88 -200 54 -66 -52 -124 -140 0 -100 55 -137 163 11 32 114 130 -173 13 118 -136 -178 109 -42 -200 -91 -194 0 0 0 0 -144 14 -69 16 52 0 152 -27 136 -20 -39 -107 0 162 4 10 -108 0 125 -17 99 85 54 0 0 -53 94 -132 -148 5 -111 84 -200 -65 45 73 0 -147 0 -187 -66 -190 113
-200 -105 -120 -147 -200 -48 -160 -79 -200 -85 -142 0 -185 -200 -81 -200 -29 -110 -68 -185 -200 -21 -116 -200 -166 -181 0 0 -200 -200 -36 -101 -191 0 -8 -200 -194 -95 -78 -57 -77 -28 0 -102 0 -62 0 -200 -200 -200 -53 -18 -159 0 -149 -113 -136 -101 0 0 -116 -159 0 -120 -119 -136 -16 -200 -190 -164 -200 -37 -160 0 -50 -164 -152 -200 -200 0 0
-21 5 42 -152 -200 -125 -86 86 45 -191 -94 29 0 -132 0 32 -150 -46 -200 68 -33 -19 -196 -102 0 32 -58 71 21 0 -200 33 -156 -22 -197 -151 -20 0 47 -6 -200 40 -91 0 0 -27 -137 107 -24 0 -195 20 0 -70 -199 0 0 11 -76 -138 -200 34 20 0 -49 0 37 -75 75 -199 -66 84 63 -34 -107 -199 -154 15 0 -79 -176
-26 -75 0 -95 -51 -183 -111 0 -12 -200 -132 -134 38 -10 18 -189 -154 63 -93 -160 -117 46 -89 -200 -198 -52 0 -128 -15 -49 -185 -83 -144 -191 0 -128 -75 -157 -64 47 -200 8 -141 -97 20 -112 -84 -47 76 -116 -97 -92 -131 0 -14 -177 -92 -112 0 1 -154 -143 0 0 -108 0 -49 -47 -165 -29 -122 -17 -140 0 -161 -2 -79 -25 0 -115 0
62 -117 -200 -13 67 -28 25 -184 -157 -141 0 5 0 -32 0 -200 -99 0 -178 41 -88 2 16 0 0 56 -97 -43 -76 -83 -134 -200 0 -169 -108 -127 -162 -8 -99 -200 0 61 19 -117 -4 -200 -36 0 -200 -200 -102 -68 -200 -200 79 -121 -100 33 51 -11 -121 -13 0 -178 -27 0 0 0 12 -121 31 -108 -164 -162 0 50 27 -125 -200 -104 -60
0 -200 0 6 0 20 -46 -187 0 -164 -200 0 21 -184 142 14 105 -31 0 10 -200 -11 -30 79 23 -200 40 87 -200 69 -91 -104 -10 140 -116 -73 78 -123 54 -4 -56 -138 -87 -200 0 -133 -124 -80 0 136 -16 134 16 66 128 -60 0 14 -108 146 -131 124 66 -23 148 -52 93 -19 -191 43 40 -18 15 -112 -100 -27 58 -38 112 -200 -73
-39 -196 32 -51 -99 -105 -90 -34 -96 132 -75 87 -158 27 -37 -25 -88 -40 -80 -200 0 -137 200 174 160 -200 -200 200 -116 -57 -69 197 44 200 200 162 -127 -131 107 -50 0 0 135 -45 -200 0 -184 187 -200 0 0 19 -200 84 0 151 -125 51 200 195 -200 200 130 -64 170 118 -37 200 47 30 105 200 200 -65 -106 200 -7 118 -183 178 178
-70 77 -96 0 72 123 -182 -78 73 -42 -85 100 -178 -166 0 -200 102 31 53 0 47 -13 -191 -118 -99 0 -23 -66 -156 45 -66 115 99 0 -132 116 -15 45 -1 100 -119 -59 -134 -97 -32 48 -200 -103 -124 -105 -129 -200 -148 -137 -172 80 -146 -200 -120 -57 -199 0 -8 90 -149 0 -63 -106 -200 -121 0 -32 -22 -200 -17 -156 58 25 -66 6 -192
50 -200 0 -99 -68 -6 0 -5 23 -143 -11 -200 -147 -200 -200 0 -174 -94 0 -37 0 0 -63 -101 -200 -200 -31 -181 -200 38 -200 -190 -59 -107 0 -146 2 -46 -27 -103 -200 0 28 0 -56 0 -56 -26 -124 0 -83 -200 -52 0 -130 -93 0 -145 -5 9 -77 55 34 66 -200 15 29 -68 -17 12 -161 -94 -171 59 -200 15 -39 -102 -144 0 -33
-153 0 -96 -5 -183 -125 -155 -107 -177 22 -144 65 0 0 46 42 -122 27 46 -99 -106 -126 -200 28 -24 -74 179 2 -148 105 -174 -52 61 93 53 -125 118 0 -142 -148 44 -200 7 179 89 -200 -200 -112 186 87 -63 -138 100 90 60 -107 0 -200 -95 17 20 174 -82 -32 -53 25 -200 -86 -84 156 -141 124 -200 116 95 60 -17 25 136 -200 -200
-100 0 80 67 0 -200 -185 117 -199 -99 0 18 121 0 -200 -37 117 -21 -114 -108 -67 110 0 96 90 69 -16 17 -18 -35 -65 48 -200 -64 0 -118 -200 -200 -86 -85 -193 0 -67 -146 118 -67 -76 -167 124 -200 -44 92 -26 -90 1 -110 -170 -200 -9 -139 27 -119 64 -101 -144 -49 133 -142 105 85 0 -28 32 -87 -131 -55 -200 -123 -6 -185 0
5 -196 25 76 -49 -52 -76 -164 -17 44 -81 59 -41 -140 -152 0 0 0 0 67 -40 -151 -200 -181 0 -166 -134 0 75 -152 65 -98 -167 0 -14 -200 -20 6 -200 -53 -120 46 0 -11 41 -141 41 30 -9 -138 0 -138 -156 -200 -91 0 -49 -73 -200 -60 -135 -200 0 -96 -52 2 -24 -38 -200 -4 0 0 -98 0 -95 -132 -104 -159 44 -57 -103
-7 34 39 -129 0 -6 -47 0 73 -176 -42 -73 -200 0 0 -194 -12 -176 31 0 34 -154 0 0 68 -158 102 3 39 -200 0 22 -167 -54 -200 -162 -171 -6 -102 46 -194 88 -53 0 -127 30 -1 -193 103 -138 0 24 -96 41 -1 57 -177 -2 20 -197 -145 -39 63 -135 0 -29 -173 -130 -142 24 -4 84 -107 15 -192 -100 0 111 0 5 -63
82 0 -51 -200 0 -150 -100 0 -157 3 67 -84 -100 71 -44 14 -200 1 69 -64 -21 -46 50 -200 22 25 -121 -88 0 -72 -65 -48 -119 -200 95 -108 109 -112 186 -5 168 -24 -47 118 -157 -48 104 71 66 -142 0 70 170 109 -149 -125 -131 -137 59 -25 -56 -53 -200 0 -30 182 -135 -18 -21 0 80 27 146 0 -124 86 -180 -182 11 46 0
-93 45 25 -183 0 -124 -132 -24 -83 -56 -145 19 -200 -92 -146 0 -200 32 -181 5 -200 -52 -200 -173 -189 -27 21 55 -200 -113 0 67 -32 -146 -142 -112 38 0 57 -200 -134 -53 -84 -143 50 70 65 0 0 0 -66 14 -97 -46 3 -108 0 -200 -119 29 -160 -42 6 -1 44 -200 0 -141 39 -120 3 -200 -142 -200 59 29 -132 21 -193 -168 17
48 49 -80 -135 -11 -70 -90 -27 -43 -49 -141 0 -44 0 -98 -39 -114 -200 -190 -124 -148 -100 -200 -58 -104 -90 0 -87 -31 0 -200 -41 -116 -102 -200 -48 -31 84 -200 -38 -3 57 -149 0 -171 -20 -175 -200 47 -152 -30 -99 -8 -112 -61 -174 -160 -105 75 -200 67 -21 -122 43 0 54 0 -200 52 -192 -48 0 0 -200 -200 -157 -6 -140 78 -200 77
0 94 154 -60 127 -59 57 34 0 148 0 -195 0 -134 -138 -78 39 -200 -200 124 -165 0 -111 -103 -138 0 -137 -107 -77 -127 77 -160 5 95 -122 -154 -39 5 11 0 135 -199 91 17 -69 -187 -200 0 -80 0 -170 -200 -200 73 10 1 -52 25 14 145 92 -200 -13 -110 -173 0 145 -113 108 105 126 82 141 -196 29 -172 0 -200 113 96 -200
0 0 -200 0 -164 -4 0 45 -200 0 0 -177 -186 -144 -200 18 4 -166 -51 0 -11 -200 -169 -200 -187 27 -166 -155 -200 -186 -151 0 -116 0 -1 0 -194 13 -27 -119 -200 -174 -200 -116 0 0 13 -200 -200 -186 43 -192 0 -200 -200 -35 0 -178 37 -101 23 -135 -190 -183 -200 0 -200 -200 -200 -20 -131 -88 -150 -9 0 -114 -81 0 -23 -63 -140
-200 -17 0 40 0 -141 -200 -27 -198 -124 -200 -93 -68 -28 -200 -200 -200 -1 -99 0 -108 -24 48 -164 -164 -110 -158 -200 -84 -26 41 -35 -170 -200 0 13 44 -15 0 0 -133 -120 10 -81 -109 32 -15 -31 -161 -124 0 0 -197 -8 -115 -200 13 -140 -141 0 44 -13 10 -159 0 0 -123 44 -39 -190 -191 3 -68 -111 -139 -176 -80 -7 -200 -160 -200
-184 -41 -168 176 -59 -94 22 -166 0 72 59 167 151 -24 -129 77 112 -40 -154 -2 -200 21 0 59 -36 181 61 147 61 92 -200 -172 18 0 117 97 0 -50 175 -135 47 6 105 -145 132 19 -87 32 -77 97 20 -35 -123 0 -91 21 -43 35 -194 -77 -200 0 179 -193 -102 -20 35 -110 169 -152 -122 -200 44 -54 182 0 49 181 -165 0 0
59 -156 160 151 85 -184 145 139 24 -83 -200 -159 178 154 190 15 20 0 0 156 -153 -200 14 -73 157 89 -51 -200 83 -187 -60 -200 35 0 103 -35 77 7 -30 94 -174 162 -200 -200 -162 -169 -140 -145 -191 0 134 -197 41 0 -19 162 171 -41 183 -27 101 -200 -200 157 -109 37 95 178 166 128 -60 -131 -90 63 142 -120 0 190 -200 134 144
-177 0 56 0 -12 -176 -170 -19 82 7 -90 -55 -200 11 44 -28 13 -120 -200 -90 -200 -85 -54 -29 -136 -28 -109 -51 -38 -151 -120 8 -200 -195 -113 0 0 -179 -66 40 2 -200 59 43 -75 9 -101 -146 37 -172 -150 -36 -200 -102 0 -40 -146 65 -46 -11 -72 5 -185 -11 0 -83 0 -145 -130 0 -139 -115 47 -200 0 72 0 -157 -200 -4 -164
94 0 75 -110 0 26 14 -200 63 -200 -95 0 -26 -82 -174 -200 -134 -173 -200 -96 -30 -155 40 0 -9 -192 79 -148 0 -189 -53 -160 -122 0 0 -187 0 -185 -14 -200 12 0 -153 68 -13 -60 -200 -128 16 -37 -17 -158 0 -95 48 89 0 -22 -200 -200 -166 92 1 42 -193 -200 84 -200 64 -67 90 74 -194 -75 -5 -127 -128 -133 46 77 -89
-200 -128 33 -171 -144 -197 -128 -129 -200 0 0 0 -50 -5 0 -166 -160 -152 28 -43 -200 -100 -200 -200 0 33 -185 -119 -5 -200 -152 -88 -200 -17 -200 32 0 22 0 -75 31 14 -159 -192 17 -200 18 0 -137 -7 -90 16 4 -65 -40 0 -71 0 -81 0 -38 31 -200 -200 -125 -165 -200 4 21 0 0 0 -122 -120 -63 -148 0 -58 -26 -200 -135
41 41 -200 -2 10 -142 -81 60 101 15 178 16 40 89 140 -11 -88 -122 -200 -148 33 39 -198 -161 53 0 -16 -162 111 -16 40 140 28 -131 -104 190 -200 1 0 0 45 -184 -137 163 -139 0 -200 25 -68 -200 0 -115 -34 32 144 -200 -113 124 38 -39 -11 -4 -181 -200 35 57 -55 88 183 -133 0 -23 -13 -77 -145 165 0 171 42 139 0
-162 -150 132 -24 184 70 -121 200 -196 114 -70 -200 0 -99 44 0 -13 -74 -86 -149 200 -52 0 0 200 -158 -178 56 -70 -178 148 200 -200 26 -7 78 105 0 126 0 -147 200 -98 19 -102 182 0 -119 97 -2 30 101 177 -10 200 8 -200 200 32 -155 200 -156 15 37 -200 9 101 -58 74 -10 -71 -200 -200 71 -149 -36 -25 155 0 -91 171
-122 -155 -193 -131 -200 -134 -199 0 -200 0 -32 10 -200 0 -143 0 0 -37 18 0 -162 -31 -200 -199 -75 -4 -19 -142 0 -113 33 -40 -75 0 17 -128 -34 -4 24 -195 -113 -56 -200 -108 -184 -200 0 0 -14 -31 -81 0 -77 -54 -163 -200 -4 -52 -52 0 -159 30 0 -200 0 -174 -41 -156 -5 -180 0 -23 -168 -200 -200 12 0 -184 -131 -32 -200
-199 -188 -81 -70 -57 -88 0 -79 -113 -200 -136 -25 -92 -154 0 -42 -52 -82 -28 -81 0 -188 -200 0 -190 -136 -135 -1 -200 -128 -200 -46 -105 -142 -185 -103 -63 -151 -184 0 0 -117 0 -124 -45 0 -200 0 -67 -137 -182 -5 -200 -200 -81 -180 -103 0 -21 -83 0 -43 -159 -200 -200 -120 -4 0 -127 -82 -89 -200 -181 -10 -200 0 -85 -52 -125 0 -93
13 0 -1 181 0 -200 76 26 200 200 -30 -143 -66 168 -20 -24 95 31 147 -190 0 -167 -174 23 -200 -198 -137 165 79 -76 -200 52 -39 146 182 -128 200 -71 95 65 200 -200 0 185 142 -3 188 -50 0 200 -56 -74 199 -62 108 73 -197 -163 -6 200 200 -82 200 25 -23 43 138 -9 148 -200 -128 181 131 132 153 -33 0 -46 -131 -200 167
-23 30 6 -192 1 9 -18 60 52 -91 -200 -169 -20 -186 0 -200 56 -74 0 -59 0 -100 -200 29 -123 -123 26 39 -35 -191 -183 0 20 0 -105 -51 -194 -7 0 -200 -200 -67 -200 48 41 -200 -92 20 35 -77 59 -35 0 -60 -142 -197 -40 -35 2 0 -193 4 21 0 0 -158 0 -14 -69 -200 0 0 -125 -154 -184 -57 -178 0 0 -65 -200
-200 18 0 -1 0 -153 -127 -48 -188 -22 54 -14 0 38 0 -57 -38 -113 -43 10 -102 -134 -85 32 -40 -200 0 -184 47 -141 -100 31 -100 -89 -200 -195 -200 -133 -136 -200 -140 -200 -57 -200 30 -97 0 -200 -124 31 15 -181 -49 -65 11 -170 -157 -200 0 -30 0 54 -153 20 -112 -134 -152 -27 -140 0 -181 -87 0 21 38 -85 28 -122 -34 0 -200
-83 -200 -200 -161 0 -98 -14 0 -200 -156 -59 -60 -200 -91 0 -93 -200 -54 -160 -100 0 -103 0 -200 -79 -188 -174 -179 -16 -40 -141 -74 -180 0 -125 0 -200 0 0 -108 -151 -160 -141 0 -93 -169 -129 0 -66 -127 -101 -154 -200 -133 -43 -170 -200 -5 -126 -78 -22 -10 -200 -200 -16 0 -38 -125 -4 -7 0 -200 -147 0 -197 -186 -151 -148 -144 0 -164
30 0 0 106 -85 0 -26 -200 -34 -46 43 40 161 -146 -200 -137 -191 141 139 166 125 40 26 -21 79 -155 -80 165 48 -46 27 -177 0 -49 -124 -131 -187 28 0 161 126 -184 106 -71 0 175 4 52 -9 -200 164 48 0 -64 23 -200 0 -86 60 -165 168 167 -12 0 117 -121 6 -22 60 81 -89 0 -105 -200 -74 172 -108 0 -175 -200 28
-112 -164 -65 -43 -85 -78 -140 67 -200 62 64 104 -132 -200 -97 -200 68 -134 -200 60 47 -110 -30 -86 108 -85 -188 -200 -200 44 97 -52 -186 103 -200 3 -90 -138 -117 3 -25 -156 -21 -129 -33 99 -161 110 7 63 103 -125 103 0 2 89 -171 102 -70 53 7 -180 -200 -197 78 0 15 -20 -200 -181 -16 -200 64 117 -200 -200 -101 14 -102 36 93
-48 140 -200 113 -36 -144 -29 -64 -176 90 -200 106 -155 -175 137 136 115 0 0 0 -38 0 -130 -26 83 -91 -83 -51 120 -200 125 149 -12 31 -187 42 0 -41 98 -11 -184 127 -45 -79 50 111 7 66 -200 129 -35 0 -77 0 19 71 -8 -10 32 82 10 -134 -4 103 1 -116 0 0 84 77 87 122 125 -156 -16 1 -150 -103 0 86 13
-80 -200 -164 -81 0 -190 -200 -43 -182 14 -3 -122 -100 -158 -49 -39 -133 -196 -76 -159 -200 -48 0 -142 -136 0 -172 -88 -185 0 -98 -88 -77 0 -47 -75 -200 -170 -135 -181 -186 -87 -133 -75 12 8 -84 0 -200 -61 -19 -145 -161 0 -200 -87 -132 -63 4 0 0 -15 -200 -23 -106 0 -112 -167 0 16 0 0 -44 -200 -41 0 0 -39 -152 -200 -131
37 22 129 167 -167 -49 120 58 -174 111 122 -62 -8 -178 -166 158 0 -27 -49 -158 -29 -35 46 -23 0 -60 177 15 -200 40 0 76 116 -67 44 -131 -191 -51 -117 45 45 153 -63 26 -82 127 43 42 39 -89 0 -200 16 -6 -79 124 94 -14 -117 176 -98 0 -53 115 30 67 -200 0 16 109 91 62 47 -25 52 -143 -200 -200 7 134 -200
0 -18 110 -52 35 98 22 54 12 114 -150 0 0 -114 -89 -79 -30 -128 -97 -128 -27 148 -144 56 -138 0 -121 -150 172 136 -70 -193 -200 -50 58 0 0 13 6 7 -135 129 20 -14 151 -43 0 67 95 155 113 -4 163 -97 -200 -99 11 -200 -105 -122 -200 -112 -162 -46 0 -198 -171 -168 -59 -52 -200 -194 63 -92 -14 0 -70 -166 95 -200 0
-6 103 15 0 -199 0 114 0 123 128 114 -111 -200 -200 -153 129 35 134 110 -110 -6 -200 0 0 -107 60 -168 -135 -69 -103 -79 -123 -73 79 0 0 -149 83 -162 -92 -34 -44 -101 -139 -104 63 114 -91 -66 -134 0 -52 -6 149 -13 138 122 -191 -148 -54 0 -189 -137 -86 -93 50 -58 132 -84 -200 -148 -200 -182 -45 -177 62 -126 -200 -80 -130 -49
-138 -119 -167 -145 -6 0 -130 -31 -5 -140 0 -195 -115 -53 16 24 -156 0 39 -32 -15 -37 -79 0 0 40 -63 -200 -90 -200 -144 -35 -122 0 -195 -200 0 -200 -200 -200 18 -180 -77 16 -74 -23 -182 0 -184 -112 0 -132 37 -41 0 -14 -200 -127 -117 -200 38 20 4 -43 -139 -121 25 -165 -73 -187 -141 33 -197 -141 -45 -41 0 5 -200 -198 -200
-200 -194 -116 0 -200 -47 0 -200 15 -115 -126 -163 -26 9 -200 -30 -200 -119 -16 0 0 -193 -200 42 -200 8 -200 17 16 -200 -61 3 -23 0 -72 -161 -2 0 18 -200 -167 -38 -176 41 -29 -186 -103 -200 -82 -200 28 0 -169 3 -179 -200 -200 52 -108 0 -30 -113 -88 -200 -115 0 0 -64 -181 -200 -119 -96 -104 -72 -123 40 -8 14 50 -33 -100
-100 -200 0 64 -62 -200 -104 -200 -200 62 -19 18 -159 -81 -200 -126 21 -163 -76 -181 -136 -130 14 -71 -2 -123 96 -200 -22 -200 27 0 -197 -194 -124 64 -145 -19 -188 -200 11 -200 -200 -126 0 -63 -113 -200 -72 -2 -143 -133 76 -117 20 55 0 -62 -82 46 -118 50 57 -107 -200 -6 0 -188 76 0 61 0 -173 -152 -104 0 0 -179 0 -200 0
-122 0 23 84 -200 121 -200 -200 8 -77 -27 45 118 105 -200 0 0 85 -200 75 -154 -191 107 -161 -116 -95 -80 -67 46 -200 -175 0 0 -45 117 -169 84 51 -20 -200 -190 73 -44 114 20 26 -152 -110 0 61 35 -50 -157 69 38 -184 -200 -150 -54 -200 0 121 105 136 -49 137 -200 -134 -200 -183 -65 -2 144 -21 79 -71 8 51 -117 71 0
-95 98 0 31 61 -200 -52 0 -137 79 0 -4 -18 65 -86 -62 21 -200 -46 0 -79 -200 130 85 67 0 -183 -79 87 81 -96 96 -184 -200 -105 133 -174 -187 16 -122 0 110 63 75 -3 -58 39 98 0 0 -156 -200 -174 127 0 -181 0 -94 70 16 67 -17 0 -88 -190 -200 -200 -174 0 23 32 -200 0 -200 55 -112 -200 -191 74 -109 -35
-137 -127 15 0 -126 -59 -79 -73 16 0 -192 -4 -139 -200 -88 -140 -5 -134 -91 -1 -165 -72 -105 7 0 -174 2 0 -30 -36 -114 -100 -169 -1 -3 12 -200 -45 -57 -189 -200 -73 0 -86 -192 -10 -16 -15 -10 -45 -4 0 -110 -167 -138 0 -126 0 -136 -27 -198 -135 0 0 -132 15 -144 -200 -108 -8 0 -95 -44 -133 -192 -181 8 -154 -160 -35 -8
79 65 0 -74 -176 -200 -85 -200 -91 -200 -81 104 -43 -43 -200 85 -170 -200 48 -101 0 -56 -146 28 119 -119 0 -187 -116 -170 -113 127 1 -83 -82 57 -47 106 16 -192 0 146 4 122 -41 0 -200 122 93 -180 -132 -53 -200 0 5 -200 -88 -66 -59 -200 20 -61 124 -200 52 -120 -200 -126 -200 -165 -200 -10 0 5 0 19 -200 31 114 140 -142
131 127 25 -170 -168 -65 90 -64 -200 33 -200 -161 -200 0 -59 23 5 -161 53 0 102 -200 134 83 -158 51 -23 -38 95 0 90 144 -103 -86 -168 -143 -108 106 -76 -3 -200 -17 32 104 0 0 -184 -95 -153 -34 79 -161 140 43 147 0 -200 0 -200 70 -164 0 -66 35 131 -200 29 -51 -17 69 58 143 0 -95 81 -200 33 0 66 0 78
-200 -168 -200 160 23 -103 144 149 122 -200 -66 0 0 -20 -199 -110 -200 56 59 -64 -94 -200 -86 145 168 -79 -48 164 133 58 108 82 -113 34 22 -164 -104 91 -191 -62 100 -59 167 0 101 -79 -66 61 122 -200 71 -165 1 -200 0 4 -198 26 -149 154 -200 16 170 0 0 -200 44 -192 44 163 51 62 -200 -37 -39 -2 0 0 -32 -200 90
-197 -200 -192 -41 104 -107 -25 -106 0 47 -170 0 23 46 -200 0 -142 -200 -1 0 -19 0 -200 0 0 -150 82 -77 19 12 -171 -115 -73 -12 43 0 -200 84 -72 45 -200 19 -200 -104 100 -180 -7 0 0 -47 -79 -154 0 -28 20 -100 0 -200 -200 39 4 -200 -200 -105 0 -122 48 -165 0 58 13 -76 -200 53 61 -104 -59 0 -200 101 83
-172 -200 -121 -200 -108 -200 0 0 -28 -159 -95 -200 -123 0 -122 -121 -162 -118 -191 -161 0 -19 -159 0 0 -200 -38 -88 -200 -104 -16 -123 -6 -145 -200 -64 -13 -189 -160 -71 -30 -200 -90 -33 -120 -85 -200 -116 -200 -142 -200 -195 -149 -56 -200 -91 0 -63 -68 0 -99 -158 -132 -93 -200 -103 -145 -173 -78 0 -196 -89 -41 0 -41 -182 -86 -200 0 -89 0
-81 -163 -133 -194 -149 -170 -200 5 60 -103 -62 26 0 -5 55 0 -200 -54 0 -46 -169 0 -116 -25 -43 -56 0 -121 51 62 0 75 -16 55 0 49 61 -16 0 -147 -200 -142 0 -85 -160 36 -200 0 -22 0 -72 -175 -53 -95 54 30 -200 -200 -46 39 47 -67 -145 -2 -200 -66 -174 75 -190 -78 4 0 -123 -26 70 0 -58 -200 18 -200 50
125 -43 -19 -5 -186 -158 -200 74 22 -173 -133 124 -11 126 3 -200 -61 75 -92 -155 80 0 -200 -87 -107 86 26 62 -120 -115 -200 -170 -176 -200 -156 44 0 -200 49 -180 54 -161 27 -157 -118 132 -198 0 -23 40 -121 -200 8 66 -112 -53 -200 -15 -56 -105 -145 0 77 43 -57 -73 0 -140 -112 -43 -6 2 -79 130 -143 -200 -69 -157 -1 0 -106
-27 0 0 0 -6 0 0 -184 -24 -47 -162 -195 -40 -200 -134 -111 -58 -149 0 -156 0 0 0 -150 -123 -68 0 -178 -94 -200 -138 -66 -8 -55 -117 -189 -88 -142 -200 -200 -110 -37 -182 -165 -107 -200 -59 -73 -200 -74 0 -128 -144 0 -200 -200 -139 -200 -96 -112 0 -200 -200 -6 -3 -178 -87 -194 -96 0 -8 0 -52 -91 0 -157 -197 -179 -140 -200 -69
-200 -140 -138 -12 -175 -106 13 -114 -159 -184 -95 -200 0 -142 -48 -112 -200 -142 0 -108 0 -185 -44 -11 3 -64 -143 7 -68 -150 -172 -83 -129 -49 -9 0 0 -200 -114 -194 -200 -26 -39 0 -101 -200 -200 -12 -106 0 -32 -8 -9 -151 -5 -190 -23 -200 -191 -10 -94 -200 -108 -56 16 -200 -200 -135 -53 -29 -200 -154 0 0 0 -16 0 -183 -32 0 -90
0 176 159 39 79 -178 -190 43 -98 18 0 33 61 174 -60 0 179 0 179 -185 186 146 -117 161 -33 169 -196 -200 -110 -200 -90 -155 -200 -66 -54 -200 -198 -112 37 -148 84 15 67 0 32 -200 72 -127 0 89 177 164 -81 -138 0 -6 123 -180 -83 70 4 -92 0 23 161 -15 -83 -185 -14 -95 -135 0 -47 -200 -200 -38 -83 -24 -7 0 -96
-66 0 13 -22 0 0 0 -169 126 0 -27 127 0 -187 -5 16 200 -39 -153 -161 -200 -144 200 -28 -66 -200 155 29 -69 28 146 200 0 -137 187 -111 111 200 63 89 -12 -179 -9 -142 -136 93 31 22 0 -54 44 148 97 -200 12 -39 -200 -200 36 173 -169 -91 -30 73 0 -200 -1 200 -4 -96 163 -200 -71 132 183 -19 -200 67 -23 200 200
-7 -157 -165 18 0 0 -99 -3 -200 -180 0 7 -153 -85 -157 -157 0 -105 36 -123 14 -200 15 -48 21 -190 -3 -173 0 -200 -198 -56 -200 -125 -120 -42 -69 -78 -125 0 0 -200 -12 -200 -193 -150 -157 -141 -48 -190 -113 39 50 41 -146 -135 52 44 -167 -200 38 -120 -78 0 -143 -200 51 70 -117 42 -193 0 -200 22 -22 -45 0 -19 -12 -5 0
-98 -188 -200 0 -76 16 -11 -41 -200 -19 -81 4 -200 0 -6 -200 0 19 -133 -64 -91 -200 -200 -94 -41 14 0 -185 -153 -84 -175 -54 -19 0 -146 -153 0 -83 0 -200 -81 -200 -34 -200 -200 -144 -152 -43 0 -108 -72 -129 0 21 -200 -200 -13 -82 -161 -149 -195 -76 -197 0 -141 -88 -200 -200 -141 -7 0 -30 0 -112 -138 7 0 -200 -183 0 -200
-200 5 -188 -200 -8 96 50 -19 -200 -125 -35 -5 -200 -38 50 -200 -133 -116 95 -2 94 -79 -150 130 38 0 12 2 0 -110 0 0 -92 -129 -200 40 81 -200 44 0 -126 -10 87 -5 -46 -41 -15 0 -31 -137 -200 -132 127 -100 129 -200 -103 -61 -156 -188 34 -148 -159 -153 -12 0 0 -52 -88 -55 -200 0 116 -200 42 -158 0 -125 -112 -200 -197
-152 198 200 -123 -66 0 -50 -190 0 171 120 -118 169 135 -112 -111 145 126 21 48 0 -26 -200 154 0 -157 75 -120 103 151 42 135 3 -91 -62 -88 -200 200 185 -72 71 -33 45 180 18 67 156 15 104 -200 -87 -4 200 182 0 200 -200 42 40 -18 -28 -164 -72 -9 -199 -191 -91 -158 -177 140 200 0 -134 -81 -200 -47 -97 -16 -85 -187 200
-71 -23 5 -110 0 -152 -200 0 0 0 -176 -91 -94 -161 -52 0 -186 -200 -157 -120 -146 -60 25 -97 26 -91 -171 -163 0 0 -200 -100 -13 -61 0 11 -77 -41 2 -134 -24 -117 -89 0 -130 -171 -1 -156 -112 35 -63 1 -136 -12 0 -120 -3 -200 -200 -200 21 -6 -78 -35 -85 14 -161 0 -200 -47 -200 0 -43 -16 -181 -163 0 -125 -200 -200 0
20 -28 31 -200 0 -12 35 -200 -199 -162 0 -122 -183 -185 31 -44 -29 0 0 -27 -187 -142 -132 -34 -101 0 -78 -170 25 -91 -55 -127 -180 -30 0 -123 -163 19 -200 0 0 -188 -16 0 -14 0 -200 -200 -200 -200 -129 -86 30 -116 -73 0 -29 -80 -12 -8 0 -200 -111 -79 29 0 -71 -168 34 -177 -114 -200 -16 -26 31 -193 -103 -48 37 -70 -156
-31 0 14 -143 0 -107 -8 88 44 -149 -158 45 -66 11 13 -153 -93 -10 -96 -29 -9 -112 -184 -91 -98 0 93 0 -200 -200 -57 -112 -63 -146 -151 -14 -187 -173 61 -72 -139 -157 -199 -149 -200 -115 0 -25 0 43 -200 -178 -80 60 -200 -112 -55 -54 0 -2 -21 -174 -179 -103 -200 -200 -26 -200 -93 0 -200 13 66 16 -44 -198 83 -68 60 -101 -1
-82 -53 65 -200 -6 19 0 0 64 57 102 26 -177 -67 99 -188 0 35 -90 -78 2 99 44 -90 -134 -122 -170 -81 -119 -171 0 80 -124 -177 -200 -74 -181 26 -7 22 -51 65 0 0 47 -200 -30 -26 15 -136 -109 0 -17 -168 55 54 -200 -22 -200 -22 -68 -29 0 32 66 -86 0 2 -200 46 27 -153 87 -200 -199 -71 -114 -200 8 -102 1
-143 23 65 -200 -110 38 -200 -115 95 -71 88 -188 0 -107 0 -64 36 -6 -110 53 46 -142 -128 -90 -200 -161 -200 -137 -144 -73 -43 3 74 0 0 -157 -140 -47 -77 58 0 70 -198 -37 -192 30 49 85 0 0 -25 -31 -200 56 -114 55 77 -21 -200 -159 -195 -123 -26 -13 0 -115 0 -4 -8 -103 125 -200 90 76 -26 80 -200 76 -200 -123 5
-153 -200 -67 -45 0 -158 -200 16 -71 -106 -177 0 45 -197 -34 -183 19 -54 -129 -96 -144 0 -132 0 35 -61 -146 -200 -67 -194 -200 60 -200 -43 0 0 -163 -49 2 -32 -54 42 -75 0 0 0 43 -200 -129 0 -68 -138 1 -110 72 0 -196 -36 -158 -117 38 -45 20 -100 -140 -104 -71 0 -23 -52 -35 -86 -80 -28 -18 -183 0 -200 -180 0 -106
-108 -14 -160 -176 -200 -159 -3 -118 -13 -32 -200 -200 0 -6 -6 -200 -195 -171 0 -200 -14 -20 -23 -36 -114 -200 -200 -13 0 -133 -142 -185 -144 -122 -55 -200 -103 -130 -92 -51 -200 -127 -15 -57 -72 -24 -200 -18 -90 0 -200 -200 -200 -87 -25 -200 -200 -116 -200 0 -137 -11 0 -122 -200 -130 -64 -200 -200 -52 -45 -200 -1 -105 -69 -200 -200 0 -29 -94 -192
59 17 -94 104 -123 -150 -200 33 0 102 -200 67 -200 -75 40 -200 -129 5 0 0 -61 -52 57 0 110 -73 56 -142 28 0 130 -168 85 104 58 0 -81 -52 -84 -184 127 0 146 -20 0 151 -68 -9 -72 39 -200 65 -200 -200 85 -16 31 35 3 0 63 -200 -105 169 49 -191 0 169 -173 75 -162 164 -200 61 0 141 -200 -188 -196 -89 -14
0 83 147 138 28 -200 -144 33 -101 117 30 145 -152 159 -179 -135 -200 114 139 -68 0 144 -200 0 35 -103 -200 149 0 -180 11 -119 -186 -21 67 133 0 -149 0 97 -44 -84 -14 157 -116 55 -95 -197 77 104 83 0 73 51 -13 -200 0 55 0 -98 -200 -89 -93 0 -139 -58 62 -200 61 10 -195 -121 89 0 97 33 -141 27 -11 -181 -200
-69 31 -37 160 -171 -144 96 -156 32 -137 142 36 -111 -200 141 2 -26 -33 -20 -124 32 0 -73 -1 0 35 0 132 -45 101 116 0 -200 131 138 -4 0 -71 -81 -200 -173 0 -85 93 -124 -61 -200 0 12 10 -200 32 -5 -172 0 154 66 80 -199 -197 102 77 -103 118 -11 -115 13 -8 -200 -62 68 -79 -60 137 46 -150 -74 -200 -16 -200 -128
-117 200 139 0 0 143 -61 -158 -188 -152 -78 -45 -102 7 187 -200 0 0 200 -200 145 -167 200 171 -200 200 -89 -73 -200 83 147 -200 112 -163 -200 -118 -113 -84 149 200 66 97 138 -99 0 -18 -200 200 -200 127 -86 172 200 -92 72 17 126 160 0 -161 0 0 -183 -200 -92 5 -175 50 -129 -48 -200 -35 162 0 -112 -155 179 -200 -66 0 58
-127 -84 -76 -200 63 17 -111 -113 -124 -115 -158 -50 -200 -12 0 -88 125 -17 12 -97 -192 132 0 137 135 -200 -195 -14 -136 -70 0 107 -106 -105 -200 -3 -200 0 -192 64 36 0 -73 126 16 -61 -200 55 63 37 -200 -159 -58 -193 0 0 110 0 68 -184 11 -200 -33 14 -199 51 -200 0 91 37 65 -178 -121 79 -48 -126 6 0 0 -171 91
-138 0 -134 -178 -200 0 -163 -109 -35 117 -200 -200 -177 0 14 -20 -46 -131 0 -29 -99 -116 -40 -149 114 0 -60 -174 132 31 0 -70 -200 101 -70 0 -177 -130 -200 10 -196 -131 117 -103 0 -200 -83 0 -163 -21 -163 144 133 -164 -60 -165 -124 11 -196 -23 118 135 -92 88 -200 -51 -142 127 -188 101 -125 -46 30 136 74 -107 -188 -200 -181 -52 -95
-161 7 -159 -89 0 -56 0 -200 -170 -200 -193 -200 -200 -54 -174 -150 0 0 -169 0 -199 -200 -117 -39 -200 -200 -110 -40 -66 -74 -122 -93 -113 -106 0 0 -188 -130 -189 -116 0 -6 0 -200 3 0 0 -62 10 0 -101 -143 -1 0 0 -76 0 -1 -178 -65 -200 -200 -34 0 0 -51 0 -66 -108 0 -2 0 -181 21 -200 -200 -56 -200 0 0 -167
-4 0 0 0 -3 -64 -141 -173 -200 -85 0 -28 -24 -85 -141 0 -12 -200 0 0 0 -145 0 -37 -38 0 0 0 -200 -200 0 -200 0 -61 0 -200 -55 -200 0 -200 -65 0 -190 -75 -200 -18 -168 -162 -200 -195 -195 -92 -69 -27 0 -36 0 -142 -200 -74 -200 -200 -200 -13 -126 -111 0 -22 0 -157 -100 0 -106 -145 -38 0 -48 -162 -200 0 0
105 -13 -165 -200 -200 -137 -157 0 -190 40 0 -88 114 -146 -115 0 0 -190 -27 -151 0 49 0 0 -88 78 -200 0 -8 42 120 86 -30 -178 89 -83 0 65 -88 -84 0 -196 -200 0 -200 -70 -17 116 0 -38 -123 -82 -175 0 0 -146 -32 -200 0 -200 -103 66 0 -183 -116 -200 74 -200 -7 -2 0 117 -166 69 -182 -55 0 -166 83 106 27
0 -97 0 -200 -200 -34 -116 -118 -200 -130 -200 -176 0 -30 -93 -160 -109 -170 -2 0 -200 -24 -200 0 -176 -1 -8 0 0 -200 -83 -1 0 0 -156 -194 -200 -200 -124 -112 -6 -103 0 0 -168 -186 -3 0 0 -200 0 -9 -62 -174 -91 -171 -150 -84 -200 -200 -190 -68 0 -200 -184 -171 -143 0 -163 0 -200 0 -102 -177 0 -137 -103 -64 -141 0 -122
-182 -200 -200 -200 -26 -65 -16 -105 -200 -73 -162 -80 -200 -20 0 -200 -17 -17 -20 -67 -27 -103 -47 -20 -161 -17 -195 -69 -22 -69 -11 -59 -40 -69 -128 -19 -184 -29 -62 -71 -12 -8 -200 -200 -173 -158 0 -141 -200 0 -175 -2 -72 -163 -33 -51 -110 -35 -156 -200 -61 -200 -162 0 -135 -70 -122 -180 0 -52 -36 -95 0 0 -136 -132 -200 -108 -125 -55 -94
-135 194 -115 0 100 96 97 -128 -200 -133 -125 180 0 119 -189 -8 -200 -200 -32 -160 172 54 92 -49 -200 -200 -55 115 -200 65 -36 101 -200 0 8 0 -200 -106 -200 179 88 -200 140 -87 -63 112 40 -10 -52 -200 -158 -35 -96 -182 -105 -69 64 -17 -37 -46 -36 15 -13 7 0 -112 27 142 -174 -200 -150 172 -162 -77 -200 141 121 -10 -123 22 7
25 -190 -159 -18 -68 -164 -200 -138 -100 117 25 -200 -142 -175 54 -178 111 -200 0 -72 -117 -117 109 28 -147 -34 -200 -126 -108 -183 -6 -184 -59 0 -5 -108 25 101 -66 36 -95 58 4 93 -59 103 -96 14 -58 0 -105 -158 -145 31 -147 -52 0 -200 -200 -200 48 45 -81 42 -109 -165 0 -110 -200 103 -200 -3 -200 -63 -67 64 -128 41 -182 -107 -3
