1928 81 17 200
-126 -200 -76 -107 0 0 -200 -152 -156 -50 -109 -135 -33 -54 -130 -187 -28 -190 0 -127 -169 -177 0 -111 -65 -168 -33 -32 -66 -7 -15 -1 -96 -175 -104 -130 0 0 -196 -200 -129 -137 -102 -53 -150 -74 0 0 -47 -100 -45 0 -6 -39 -200 -93 -40 0 -109 0 -60 -200 -65 -200 -165 -82 -36 -142 -200 -137 -196 -113 -200 -154 0 -4 -200 -25 -61 -2 -3
96 -103 -174 0 10 -159 -200 -179 -8 100 -68 -83 43 -131 0 0 0 -10 123 3 0 -126 0 -110 33 -180 -63 -20 8 -16 -200 39 -131 -200 -66 0 -182 -85 -17 -75 38 89 -200 0 62 90 0 71 61 -200 -55 113 99 22 -140 -200 38 -200 -130 21 0 0 -89 7 35 0 -61 -197 96 -27 0 97 34 -7 0 -93 -29 -140 -200 0 0
-68 -153 136 -200 53 200 -11 180 48 -121 -200 -161 -200 67 -64 2 54 129 38 -200 23 154 -99 200 102 -83 -69 129 187 0 -200 160 0 97 -144 -124 200 158 154 -199 -102 200 -80 -67 190 1 -200 198 -200 -82 -28 12 -75 102 200 -136 200 -200 -200 200 84 112 -159 102 -111 110 162 24 0 116 0 0 71 -118 0 -61 -74 9 200 12 -87
-125 55 42 -170 -200 28 0 -103 -113 -200 -110 -61 -116 63 -2 -200 -110 0 -116 0 -55 26 -168 0 0 70 47 0 21 -136 -200 -200 0 -97 -144 22 -114 53 -77 0 -119 41 0 -77 5 -168 20 25 -118 -182 -143 35 0 -18 17 -26 36 -200 -140 46 39 -119 -174 -8 -5 35 20 -191 -54 36 0 -77 -88 -6 -114 70 0 52 14 -77 -79
-63 -106 36 -169 -41 -148 -48 100 -78 -14 -188 -164 -6 -184 29 -189 -157 0 20 -30 -32 -83 -131 -70 -24 -77 46 -198 -172 -200 -183 0 -123 -50 -99 -149 92 -97 -9 -200 -143 0 -87 11 -21 -200 0 -94 -15 0 34 -200 -61 -200 -133 55 -200 56 0 0 -51 -178 -19 -80 -200 -12 -1 53 -158 -102 -21 -53 85 -200 -79 -92 0 -41 0 -42 -37
-51 -132 -190 0 -159 0 -179 0 -183 -42 -200 -56 -200 0 -42 -147 -45 -73 -123 -126 0 -67 -168 -126 -15 -127 -94 -112 -200 -197 0 -200 -159 -18 0 0 -47 0 -95 -126 -92 -72 -172 -137 -176 -12 -185 -50 0 0 -91 0 -196 0 -182 0 -200 -8 -72 -67 -6 0 -145 -6 -200 -200 -183 -92 -171 0 -200 -200 -103 -200 -200 0 -45 -200 -179 0 0
-155 0 -65 -40 -200 -173 -50 -93 -189 0 0 -200 -43 -33 -200 -118 -24 -9 -127 -34 -200 -80 -113 0 -172 -169 -94 -24 -109 -107 -22 -142 -200 -28 -200 -94 0 -153 -51 0 -64 0 -142 -148 0 -200 -121 -189 0 -8 -148 -98 -85 -200 -200 -175 0 -59 -200 -129 -200 -152 -78 -61 -200 -200 -107 0 0 0 -42 -200 -182 -133 0 -200 -200 -118 -107 -155 -200
0 139 200 147 0 -92 0 194 -87 37 -200 29 -143 144 198 -198 -200 128 200 0 66 -182 0 -131 160 -65 -67 -200 -16 0 0 72 180 -186 -200 134 -198 0 200 -159 200 92 136 -35 -92 93 -200 32 -33 151 -99 200 123 91 15 -152 -181 38 0 -108 4 -116 -11 -113 200 -3 -48 1 -199 0 189 0 125 -200 192 187 78 3 79 32 130
78 0 30 25 6 -163 -175 0 -88 -184 -200 -95 106 95 -110 55 -18 -135 72 76 -106 -112 118 -8 84 -193 -10 126 94 62 -144 -9 40 -184 77 143 24 -200 0 -200 2 68 0 -125 -200 112 134 140 -107 6 -13 0 -200 11 2 -27 -200 33 12 9 -20 44 -4 -150 29 8 -87 -145 147 133 106 15 34 -198 74 -7 -200 25 16 -129 -28
0 0 -200 96 0 88 -200 139 -104 17 -189 -85 -47 -168 -180 -200 -200 -200 -177 130 134 -200 -125 -1 151 0 0 -88 -29 -144 -22 0 -182 91 156 -62 112 74 -200 0 0 -83 -73 -200 -200 -163 -200 -200 76 -132 -21 120 -44 40 93 -200 0 -100 -122 149 31 -90 -29 0 131 92 117 72 -82 -34 16 50 -130 -135 -27 -102 85 -114 -12 -79 -200
-135 45 -68 33 -125 -200 -3 -200 -136 -64 -200 -32 -200 -200 -122 -29 -11 -185 0 -157 -73 -110 47 -132 0 -71 29 -2 -146 -175 -57 6 0 -143 -177 -73 -94 -55 -151 -132 -173 -21 -93 -173 0 -120 -150 0 -200 -24 -200 39 -96 -101 -174 -71 -27 25 48 -8 40 -134 0 -77 -199 0 -200 -147 -26 -66 -54 0 -23 -128 18 -164 34 -80 0 0 -72
0 -8 14 4 28 -200 105 -165 -4 -185 -55 0 -200 -197 41 -94 65 -200 78 25 -142 -45 0 -92 -20 42 97 -96 64 -125 0 -136 0 40 -3 30 54 0 -200 97 -15 -200 -85 66 -104 105 -200 -12 -41 22 -53 -67 -200 -15 84 0 76 -60 -61 52 50 0 -191 -82 -1 -72 0 0 64 -30 27 0 -200 -184 -200 0 -38 -139 0 0 61
-63 55 66 0 91 -152 -69 -196 -200 126 -200 -126 -41 6 -158 -65 112 2 -6 0 -153 -70 -200 76 31 -200 -76 -85 -188 -108 -179 -200 56 0 -123 86 -200 9 0 11 21 34 97 -156 -145 0 -200 5 -189 95 -59 -37 124 87 -135 -197 -146 -200 -73 -200 -129 -112 41 9 -88 -118 -76 0 57 0 12 -200 133 -134 -200 -138 -152 -200 -200 35 0
-33 -162 -45 -187 -140 -66 -200 0 0 22 0 5 -200 -14 -13 -126 -36 -200 -135 -164 -31 -56 -83 -200 -133 0 -34 -200 -143 23 -97 32 -67 -51 -164 -91 -48 -111 0 9 18 -169 0 -191 -46 -28 -141 -141 -200 33 0 -133 0 0 11 -135 -13 0 -23 -49 -152 -51 -130 0 0 -191 -60 -42 -48 0 -74 -45 -120 -194 -103 -200 -166 -200 0 -200 -113
-4 -196 -165 -85 -30 -26 -178 -34 -18 -171 27 0 -165 43 0 0 -73 0 -2 -149 -166 -188 -84 15 -133 -17 28 -106 51 -90 -56 -31 -153 -4 -169 -159 48 0 -195 10 -34 -75 -108 -5 40 -90 -113 24 -154 -67 0 -25 -200 -158 -200 -200 -63 3 -10 -191 0 0 -41 -200 -139 -200 -15 -200 -200 0 45 -66 37 -73 -138 0 29 -135 -10 0 -110
-194 -178 10 121 -191 29 0 -175 0 39 -8 0 -54 -23 92 0 -50 -148 -64 -200 0 -113 87 -61 0 27 43 82 119 0 -200 39 -3 -200 4 -168 -200 0 -51 41 -107 -171 0 34 38 -200 10 -197 0 -48 -90 18 86 49 -200 0 12 0 -67 -200 29 -98 128 -134 -140 100 -4 -200 -200 -22 60 -169 93 0 -33 -15 0 -195 -82 118 47
-89 20 -29 137 27 -104 -161 -81 25 -141 142 0 53 -200 34 -160 -156 -200 -99 0 -12 147 -79 115 0 -45 86 123 35 122 4 57 113 57 61 51 49 185 -200 0 -172 165 -177 -74 -37 -188 0 50 -183 -200 146 -50 -175 -200 -200 -21 -155 110 -61 -20 -156 108 0 70 47 -17 175 -188 -200 -200 100 -147 92 30 14 -64 -8 -134 -127 -182 -41
0 5 -200 -5 -111 -200 -182 -46 -139 -63 -184 -177 25 -200 2 -104 -19 0 -13 -200 -102 -200 -51 -200 -22 0 -183 -138 -123 -5 0 -200 -200 0 -96 -149 -142 -200 0 -121 0 -134 -7 -166 -16 -200 -154 -200 -185 0 -109 13 -74 -186 -200 -200 -88 -54 -13 0 -5 -109 7 0 -200 -187 -107 0 -200 -112 -142 -51 -13 -200 0 -200 0 9 -30 15 -151
-200 127 -200 6 45 -53 -200 152 133 106 70 50 75 9 117 131 42 -200 82 168 0 -78 -139 -200 -72 -83 -200 -118 -200 182 177 -3 -160 -42 0 -80 97 -200 -105 95 0 161 -198 112 35 -6 -200 87 0 0 0 3 0 -200 131 162 51 -25 -42 -141 -155 0 -35 46 29 -86 -167 159 -50 167 -46 -136 0 43 189 -166 0 -188 -200 42 -186
-100 -200 -160 0 -41 -200 -77 -10 -9 -5 -149 -77 0 -200 -24 -32 -88 -84 -147 -163 0 -200 0 -115 0 0 0 0 -200 -200 -46 -89 -84 -183 -192 0 -186 -85 -175 -171 -191 -200 -148 -73 -94 -149 -151 -200 -43 -199 -105 0 0 -107 -200 -200 0 -152 -27 -48 0 -102 -18 -67 -192 -200 -69 0 -51 -200 0 0 0 -10 0 -44 0 -76 -22 -97 -147
-126 -121 28 -194 94 0 -81 -78 -121 120 46 -61 -154 0 -112 75 18 -129 29 -26 -200 -79 -36 -13 0 109 -70 0 91 -3 0 -91 -20 26 -200 -145 -200 0 -172 -156 106 -32 97 -193 -197 90 -85 -76 0 62 53 0 -157 0 -113 77 65 -41 31 34 -113 -81 -130 -157 -20 -10 -170 -200 -42 -109 -49 22 34 -177 43 -141 -200 -197 18 -51 66
60 -39 -200 -64 0 84 -43 135 0 -64 -72 69 22 127 -42 -39 -49 126 57 72 -157 -23 -171 102 -80 -194 -31 -200 -114 -200 71 -191 0 0 -9 -171 -47 -200 -116 -192 0 -29 -21 168 -200 71 -200 0 -185 -21 109 -200 -15 128 -74 0 0 40 102 0 -114 -66 -43 25 46 38 -127 -77 49 51 87 7 37 -13 130 59 -187 -200 -95 -200 150
118 39 174 -125 -200 53 11 -160 -99 69 -15 0 -100 122 122 -60 43 -186 73 80 15 -74 -116 -29 0 -23 0 -95 74 57 -78 -200 -35 -57 -161 160 -169 129 168 0 56 136 -195 124 99 100 98 70 -32 -16 -189 -19 40 40 167 -30 47 -191 -147 -200 -25 -155 -139 119 27 35 76 71 18 9 -175 -32 0 -39 0 -200 173 -170 155 0 0
-200 -27 -156 -100 -15 -150 0 -170 -97 -169 0 0 -200 -153 0 -118 0 0 -141 -170 -175 -91 -59 -198 0 0 -141 -57 -52 0 -141 0 -200 -182 -156 -36 -195 -187 -200 -200 -200 0 -151 -200 -200 -200 0 -54 0 -189 -2 -7 -4 -158 -75 -82 -78 0 -40 -1 -120 -41 -184 -103 -200 -184 -43 -3 -39 -170 -154 -163 -197 0 -37 -8 -200 -95 -104 -17 -198
-53 -24 -144 102 -14 -161 46 -182 9 -49 -196 -128 0 40 21 -12 -125 -94 -199 -49 -200 69 63 -118 49 -148 -50 3 0 -17 -28 15 -200 -96 97 -48 -125 -193 64 -15 53 -75 -61 0 -4 0 -200 -184 89 33 -2 -200 -12 -62 -146 84 -152 0 -43 -150 -42 -56 39 -5 -161 -54 -151 -4 52 -174 -186 36 -10 -53 0 0 -11 0 -200 -155 0
-145 -72 -200 -144 -34 -200 -154 -178 -13 -166 -137 37 -32 -106 23 -191 -122 60 -162 -158 0 0 65 -20 -161 0 34 -200 37 29 -120 -6 -64 -198 0 -133 -63 -89 -200 -196 -19 -200 -153 -178 -108 -139 -179 -161 -176 -119 -142 -114 32 -198 -88 38 -67 -136 -30 -105 0 -70 -27 0 -148 -102 15 -185 11 34 -47 -152 -151 3 -200 -101 0 -200 -155 -200 -128
-9 0 -200 161 -51 105 64 102 -180 -101 -146 -112 -158 20 -200 0 -47 -191 0 -180 -168 0 -11 -200 127 -193 -182 157 24 28 0 65 -172 -200 32 0 -101 -200 -122 18 89 160 158 99 -129 -152 0 -12 -12 97 -200 84 -200 102 -124 -78 55 165 -70 0 8 -200 122 -200 0 -110 -86 -200 -104 -200 -200 -200 -103 -90 135 -13 49 -195 -200 45 48
-200 -188 -60 -114 -195 -200 -45 -150 -112 -158 10 0 -180 -9 -200 -175 0 0 -83 -31 -200 -117 1 -62 -141 6 -87 -200 -200 -136 0 31 -81 -30 -56 -59 -66 -192 25 -77 -69 -200 -52 0 -57 22 1 -200 0 -200 6 -109 -159 -168 -103 -194 -200 -200 21 -9 -35 0 -104 0 -200 -195 -200 0 -159 0 -120 8 -183 -193 -127 -125 -72 0 23 -30 -84
-85 -16 -200 -133 -75 -200 -116 -193 -41 -200 -25 -40 -31 -200 -174 -36 0 -172 0 17 -146 -21 -151 -32 -51 -47 -85 -54 0 -152 -74 -200 -167 -87 5 -11 -172 0 -62 -58 -191 -186 -198 -39 -154 0 -200 -183 -142 0 29 -54 -200 -51 -161 -126 -12 -43 -161 -200 -179 -200 0 -69 -61 17 -129 -177 -129 -129 -94 -61 -21 -149 0 -57 -52 2 -70 -200 -200
-11 66 61 -153 51 -199 29 53 -193 0 -76 -15 66 8 28 -97 -136 -200 -198 -200 -183 -158 26 -66 -60 32 -105 -199 -73 -92 0 -108 -78 -12 0 -98 -200 -12 -73 -86 -45 -151 -87 -38 0 -25 0 -200 -37 -11 26 0 -157 -111 -150 -41 -197 -200 39 0 0 -90 48 4 -122 -173 0 -145 -114 0 -200 -53 0 0 0 -200 4 -40 60 44 -21
0 -134 0 -200 -172 -40 -3 0 0 0 0 -66 -53 -71 0 -124 -37 -4 -35 -200 -200 -164 -53 -157 -200 4 -15 -193 -141 0 -200 -200 -13 0 -200 -78 -68 -19 -200 0 -3 -34 -9 -20 -161 -200 -123 -166 0 -25 -97 -67 0 -200 -19 0 0 -79 -99 -200 -32 0 -128 -64 -58 -196 -58 0 -17 0 -22 0 -139 0 0 -200 -147 -184 -200 -106 -8
-192 -162 -200 -42 14 0 -130 -200 -164 -92 -83 0 0 -177 0 -107 -75 13 -200 0 0 2 -56 -35 -165 -49 -146 -61 0 11 -175 -189 -50 -9 -165 -112 -146 5 -187 -200 -167 -147 4 -114 -200 -193 -139 0 0 -200 -188 -187 -60 0 -200 -200 -8 10 -190 0 0 -88 -125 -41 -61 -161 7 -28 -132 0 -121 -101 0 -170 -13 -59 0 0 0 -149 -200
-165 -200 -10 -99 0 -19 -18 -27 0 -120 -51 -107 -191 0 -98 0 -101 -82 -177 0 -69 -51 -200 -200 -66 -44 -170 -200 -200 -83 -200 -128 -157 -32 -64 -37 -180 -149 -59 0 0 -112 0 -123 -181 -59 -156 0 -102 -163 -200 -200 -200 -57 -15 0 -72 -137 -154 -155 -53 -152 0 0 -200 -200 0 -148 0 -200 0 -164 -154 -44 0 -167 0 0 -73 -56 -100
0 -196 0 -151 -128 -73 18 -13 -178 -200 -84 -13 -15 -69 -200 -117 -9 30 -97 0 80 -174 42 -88 -200 -141 0 -136 -172 -161 15 -173 21 0 0 -110 -200 -26 -177 -82 2 -22 -194 0 -169 -147 -31 94 -200 56 43 -58 -56 -154 27 -197 -200 -153 -45 -164 18 -99 -178 -128 2 0 -200 -193 60 -178 -77 -179 -194 -27 -129 30 93 1 -192 87 -56
-200 155 -121 -103 81 -40 -69 109 64 -188 -200 -155 0 -109 -200 -74 81 0 173 -187 0 0 0 164 0 64 0 -51 -15 41 -200 -150 -164 34 -132 -130 105 -173 0 143 139 -70 -2 138 -16 43 132 0 51 -20 62 -156 0 -156 -56 90 37 56 0 -95 -123 -89 30 -200 0 -190 68 20 0 0 151 122 -15 0 -185 140 0 70 3 -200 -177
68 -39 15 -75 -84 75 -200 -178 -40 73 -76 0 -200 -186 -179 -200 0 -120 -49 39 -23 64 -129 -3 0 -124 0 0 -24 -200 -147 -126 42 31 -45 0 -129 0 15 8 82 43 -102 0 -38 -200 -159 -16 96 16 -162 -193 16 -200 103 -200 57 -200 -200 -53 -180 67 17 -35 -75 -200 38 104 -50 -61 0 103 -190 0 1 -187 -164 -14 -200 90 77
-200 -71 -15 105 -200 -50 -58 88 99 -133 48 -199 -185 -138 -68 0 -200 0 60 108 -108 -55 54 -18 0 -136 -200 -11 -200 48 104 -100 0 -135 -200 0 -167 -133 110 -46 -104 130 -167 -200 109 1 89 85 -155 -77 -86 -101 45 88 -194 20 44 6 -21 -200 -194 0 101 49 106 -69 11 -164 -75 10 -48 -103 -130 -200 -197 0 -127 32 5 -56 -125
0 -166 -195 -200 -47 -73 -13 0 -200 -117 0 -46 -149 -200 -145 -200 -197 0 -130 -11 -72 -65 -28 0 0 -159 -74 0 0 -35 0 -54 -42 -38 -115 0 -54 -36 -200 -200 -146 -42 -200 -61 -19 -62 -150 0 -152 -200 -132 -200 -200 0 0 -55 0 -200 -200 -170 0 -12 -93 -24 0 -49 0 -200 -193 0 0 -200 -29 -200 0 -200 -197 -200 -57 -20 -107
-83 -200 -31 -200 -37 -80 -64 0 -44 -195 -17 -200 -94 -154 -200 -103 -191 -111 -132 -200 -190 -28 -126 -61 -187 -102 -11 -127 -200 -200 -200 -55 -73 0 -187 -148 -93 0 0 -175 -63 0 -123 -107 -141 -75 -96 -61 -44 -153 -164 -53 -125 0 -171 0 -84 -200 0 0 -1 -42 -152 -200 -142 -175 -124 -127 -14 0 -25 -64 -181 -12 -95 -200 -66 0 -94 -164 -181
174 133 112 -200 96 -29 -200 -57 -56 105 -120 -39 0 32 -69 0 -71 -200 89 -199 -18 -200 -146 0 4 -73 -197 -81 -40 -95 157 43 42 -68 -89 -159 193 -200 -87 -132 -34 39 -68 100 43 -55 0 186 -60 69 -89 -200 64 -66 -98 5 35 40 -153 -38 0 0 -109 0 27 157 0 0 7 -200 195 -162 169 0 -97 146 -41 -200 -136 19 -58
172 176 200 54 168 200 -93 -11 23 -121 200 -200 -200 154 104 179 8 200 98 -104 200 -200 66 115 112 87 72 77 132 -130 39 -200 -25 -200 -163 0 138 -110 -184 -12 -78 200 0 -88 -195 -19 195 200 31 -94 75 97 135 -144 177 -62 -103 200 85 59 81 104 -155 127 -200 -56 190 -150 0 -143 -159 -200 -93 -166 -125 -126 -154 200 159 23 -176
-188 -35 24 -154 0 0 -95 64 0 111 -154 0 -92 51 -139 95 -155 -183 -193 -151 38 23 45 18 -200 8 -53 -21 -164 -30 -76 20 0 -79 89 -167 0 -148 73 -69 0 13 -200 0 69 -92 -162 -48 10 -74 -184 -58 72 -42 -200 0 -161 -200 67 -74 117 -56 94 -101 -155 0 -94 33 -6 -152 -89 -200 62 -62 -82 27 -60 -51 26 93 113
-94 0 -136 -85 -133 -118 -200 0 -143 -199 0 0 -200 -200 36 106 74 -122 99 0 -115 -102 -64 88 -196 -175 -160 -49 67 71 63 -64 -30 115 -63 -199 29 -152 -184 -58 -116 24 -116 -128 -24 133 -175 -200 23 -23 32 40 -188 -34 -151 116 -200 41 54 -164 63 -11 -150 112 -30 -128 136 -199 58 -10 64 -65 -56 -155 89 76 -32 -49 0 20 -155
101 -172 97 0 -133 -179 -110 -200 0 -140 17 -161 81 -90 0 0 -40 14 -200 -92 -180 -114 -38 -165 -78 -39 -107 -13 0 -172 96 -84 54 -97 -95 -84 -8 -108 -155 -93 -14 0 71 -200 52 -155 0 -3 28 -200 20 -176 90 -71 -23 -200 -74 3 0 0 0 -21 -173 -172 27 85 28 -200 -161 -200 -183 -99 -193 102 -9 0 20 -8 -165 -200 -33
7 -170 -147 6 -197 -71 -104 -43 0 30 12 -189 0 15 -200 -80 53 -95 -200 0 -154 -77 0 -200 0 -200 -66 -200 0 -61 -54 -68 -200 -179 -1 -175 -166 0 0 28 0 -14 -45 33 -200 -148 25 43 -151 -12 -49 -162 -125 -103 -200 33 -190 -9 6 10 -132 43 -56 -103 -178 -191 0 -42 -113 -102 0 -22 -135 0 -65 -132 -200 22 -95 -199 26
-18 -17 -95 -67 -160 -200 0 -64 -200 -133 -60 -55 -172 -193 43 131 -123 -200 110 -167 -57 -137 70 -40 135 6 11 27 -152 -161 0 39 -82 -18 143 9 -200 -51 138 111 -18 -28 -76 88 -157 -86 -187 87 -128 124 -52 0 -102 -76 -7 -86 0 -153 136 79 -77 58 67 62 -107 106 -53 -83 -64 -56 -47 -79 40 -200 16 56 0 -105 -142 -160 69
-185 -200 -146 0 -14 -68 -200 0 40 -23 18 -200 -200 52 -38 10 -39 -158 -32 0 12 1 0 -19 -200 10 -156 18 -34 0 0 12 -103 -56 58 5 0 45 6 45 -35 0 -47 -19 57 -200 -195 -173 -173 -35 17 74 -126 -135 -111 -79 -91 -25 -79 0 66 0 -97 54 24 -33 -90 -120 0 64 -140 -200 -200 -200 -127 -141 -157 0 -122 -158 -87
-200 -200 -78 -107 -200 -84 -174 -87 -145 -7 -166 0 -167 -101 -200 -12 -169 -6 -64 -143 -200 -99 -192 0 -163 -175 -114 0 -25 0 -161 -200 0 -200 -2 -168 -88 -35 -80 -200 -45 -89 -35 -13 -71 -23 0 -28 -200 -193 -96 -200 -159 -153 -10 -200 0 0 -116 -64 -102 -200 -28 -41 -17 -200 -200 -13 -139 -200 -113 -142 -75 0 0 -101 -200 -200 -32 -200 -192
-200 -200 -190 0 0 -146 -200 -200 -14 -200 -14 0 -137 -192 0 0 -16 -200 -148 -117 -19 -200 -30 -65 -124 -164 -8 -200 -151 0 -19 -135 -200 -183 -200 -148 -194 -200 -22 0 -27 -129 -155 -44 0 -199 0 -160 -77 -200 -125 -200 -107 0 -200 -104 -53 -200 -86 -103 -27 -200 -139 -51 -26 -21 -139 -180 -76 -20 -200 -16 0 -200 -171 -60 -117 0 -175 -34 -162
0 34 0 -87 -50 -139 -115 0 -26 -68 -35 -199 -55 -86 -200 0 -200 -181 -51 -67 -168 -148 -112 -174 -118 -51 -162 -183 0 -3 0 0 -144 -173 0 -72 0 -54 -17 -185 -149 -104 -122 0 16 -25 -63 -10 -168 -200 3 -137 -174 24 8 0 0 -200 -68 -63 -184 -200 -63 -14 14 -200 24 -97 -77 44 -200 -54 -64 -75 -200 -118 -50 -136 -105 -200 -200
82 -128 -83 -3 39 -4 -72 -49 0 34 0 -60 -59 1 0 -200 -50 90 -94 71 -45 0 0 -200 -108 -158 0 -21 16 71 -99 -51 0 98 -200 -127 -31 -139 -155 -139 -128 -53 -112 -198 -171 -200 -187 -176 -51 21 -200 26 -116 -27 -152 -189 -200 -153 -48 -176 -200 -180 -20 -23 -198 77 100 0 -93 -200 -115 -53 26 -200 -37 -83 -192 -200 -200 54 16
-24 -173 -84 -125 -112 -93 0 0 -23 -10 -131 0 -200 -95 -106 -58 -200 19 0 -63 -93 -96 -197 1 -111 0 -180 -7 5 -147 0 -44 -200 -154 -16 -125 -120 -27 -200 -121 23 -196 -3 -200 -200 0 -136 0 26 -150 -151 0 -200 -140 -49 -188 30 -51 0 -200 -74 -200 -46 28 -50 -186 -32 -28 -86 -35 -200 -108 -94 -200 -18 0 0 18 -61 -200 -120
-200 -125 -145 0 -200 -87 0 -6 0 -64 -37 -81 -64 -200 0 -200 -150 -81 0 -131 -200 -200 -194 -200 -58 0 -189 -7 0 -200 0 -74 -167 -30 -19 -9 -200 -148 -200 -101 -155 -200 -25 0 -125 0 0 -25 -22 -200 -200 0 -47 0 -200 -84 -47 -81 0 -8 -183 -51 -47 0 -15 -46 0 -37 -75 -119 0 -200 -200 -139 -200 -197 -200 -200 -30 0 -112
0 -200 -63 -188 -83 0 0 0 -200 -192 -33 -136 -99 -82 -14 -200 0 0 -194 -79 -129 -138 -177 -124 0 -185 -159 2 -152 -90 -173 0 -21 -158 0 -200 -175 -7 -93 -126 -158 -12 -60 -71 -200 4 -28 0 -200 0 -200 -165 -85 -177 -114 -121 -82 -200 -109 0 0 -2 -200 0 -134 0 0 -60 -93 -19 -90 -200 -65 -111 -99 -50 -153 -105 -20 0 0
-96 -200 0 0 -121 9 -200 31 -179 -49 -160 -121 -152 0 -27 -132 -200 -62 -183 -75 -185 -200 -23 -141 -200 24 -187 -139 -165 1 -48 -158 -200 -71 18 -200 -172 -41 0 -126 -200 0 -95 -28 -143 17 -127 0 -31 0 -151 -188 -40 0 15 0 1 -35 23 -34 -200 6 -168 27 21 -90 0 -149 -200 -194 -148 -200 -101 -81 0 -137 -200 0 0 0 31
168 166 -200 -8 181 151 -63 158 200 -93 86 158 -149 -117 176 -200 200 -140 75 -78 -193 152 189 11 84 -1 59 0 -74 0 0 0 -184 196 200 -138 122 111 -89 -130 69 0 -90 0 127 -91 119 -200 -136 -176 -144 66 19 -200 -127 200 96 135 0 0 -121 101 200 -199 42 -159 -200 -145 0 -118 -53 20 111 183 174 -151 0 -47 -18 23 39
-198 40 0 -147 -200 -127 -21 45 -200 -200 -50 -200 25 -73 41 0 0 -178 -200 -173 46 -174 0 71 0 -11 -200 -36 34 42 -58 -96 -25 -34 3 15 -32 -146 -60 -200 32 0 0 70 -36 -135 -83 67 -149 -197 -150 89 -163 -200 21 -129 -123 82 63 -77 -200 45 -61 0 -200 0 0 -33 -121 -98 52 -98 22 -34 -193 -81 -115 -177 -77 -42 0
-200 -200 -200 38 -63 -73 -143 -78 0 -185 -45 -29 1 0 -163 -75 1 22 -14 -68 0 -5 0 17 32 -143 -111 -58 -140 -138 -119 -200 -65 -27 0 -101 -23 -124 -102 -67 -189 -194 -129 -200 0 -142 -75 -81 -192 -65 -57 -40 -197 -119 -107 31 0 -197 0 -188 -148 -83 -157 -39 -200 -200 -94 -118 -6 12 -183 0 -93 0 -171 -200 -128 0 -153 22 -83
-75 -84 -83 -200 -33 -148 0 -70 0 -7 0 0 -42 -124 0 -124 -5 -196 -75 0 -179 -124 -54 -29 -113 -190 -18 -200 -200 -76 -200 -200 -90 0 -10 -200 -33 0 -12 -185 -200 -145 0 -43 -19 -157 -200 -187 -117 -80 -3 -5 -147 0 0 -50 -68 0 -12 -10 -102 -104 -51 0 0 -164 -127 -200 0 0 -11 0 -181 0 0 -30 -162 -133 -105 -72 0
-143 88 0 59 0 53 84 0 -200 2 100 107 -49 26 -31 62 22 -93 -200 -159 -82 -103 6 -25 -54 -143 0 -200 -85 -59 -45 -200 -56 -200 -200 -15 -152 -200 0 -200 -200 -192 -139 75 -200 43 -115 -83 -200 -4 108 -72 -127 -36 106 -200 0 22 -127 27 -200 -178 102 49 -52 107 33 54 86 91 38 0 -184 66 -181 -104 28 -169 -126 -152 0
-65 -126 -170 -200 0 0 -200 -180 -163 -13 0 -197 -35 -37 0 -15 -182 -198 -121 -182 -134 -34 -154 -28 0 -137 -110 -80 -58 -146 -144 0 -200 -81 -25 -160 -35 -95 -89 -8 -174 -72 -131 0 0 -188 -17 -200 -65 -74 -81 -16 -149 -200 -200 -84 -200 -195 -76 -23 -200 -93 -183 0 -93 -114 -74 0 -30 -29 -143 -17 -200 -200 -66 0 -148 -200 -200 -94 0
-155 0 -81 -165 -99 -21 -8 31 24 -200 0 -200 -159 17 -175 0 -138 33 0 -59 0 -15 -169 -163 -116 -104 0 0 -27 -187 -144 -200 -161 -90 -133 -158 -57 49 -31 0 0 0 39 -50 -200 -52 -200 -200 -168 -63 -200 -200 -154 -163 -197 8 -111 -74 -26 -171 -67 1 18 -81 -117 10 -17 -149 54 1 0 -31 0 -200 -200 -111 -83 -132 -200 -52 -200
-200 -196 156 173 -166 63 -130 36 151 -200 -156 -85 185 164 -192 172 -78 200 172 -13 65 -200 -78 200 103 200 -177 149 -103 95 -130 200 -77 200 98 -99 -144 91 -187 33 200 0 -187 -200 80 0 0 -186 52 0 200 -137 0 131 71 -36 36 0 -48 9 200 -195 -194 134 -110 -80 -81 -188 50 -171 93 154 -155 0 165 97 -200 -184 200 -200 133
11 -25 0 26 -197 -199 0 -195 51 -123 0 -161 -76 0 0 -200 -35 -200 -156 -21 10 -178 -91 -168 -33 -82 -70 37 -200 -93 0 -131 -68 -8 -72 0 -29 3 -105 -64 0 -43 0 -8 57 -72 -137 50 -200 -89 -120 0 -155 -102 -74 0 -200 0 -62 -30 -148 -61 -200 -56 -172 -90 -169 0 0 -33 64 -100 -30 0 -200 -12 -200 -3 -115 -75 60
-113 -21 190 0 12 -132 200 0 111 -68 70 0 -47 -200 -126 0 200 -172 97 200 0 -157 -152 89 155 -200 -182 -86 -62 190 61 41 62 -40 148 -62 -107 189 0 -19 6 105 108 -145 -78 -188 0 -200 200 46 177 -200 -76 200 -50 5 128 -200 0 93 -118 -68 -34 57 -187 167 200 -91 146 -17 -141 -129 -140 146 31 -91 -30 4 142 -104 64
-30 -46 94 -158 -190 16 -76 0 147 -6 -133 0 52 154 -18 -191 120 -78 -81 66 0 0 39 -76 -29 -138 -187 124 28 -161 0 -171 48 -200 14 0 -19 -54 -200 -200 0 0 24 -78 0 0 0 -118 -157 -48 -56 65 -24 -200 0 -57 -12 -91 -153 13 146 -75 -200 56 51 -37 -45 -138 0 96 -200 101 -180 0 108 -159 21 97 51 -200 43
35 -81 0 -91 34 -139 0 -182 -156 28 -143 -200 -149 -94 -144 -200 0 -138 31 -170 -200 18 -96 -29 -200 67 -182 0 -149 -19 -200 31 -69 -28 -2 -117 6 0 -27 -193 -118 -15 -132 48 -143 -152 -59 0 -23 0 -200 -19 -200 -128 71 -60 0 -200 -122 -112 19 0 -87 -32 -151 -200 15 -121 -187 -111 0 27 76 -200 12 28 21 -43 76 -135 76
-29 -62 -200 -70 -54 -99 -53 -22 0 0 -200 36 -200 0 -138 -163 -16 0 -148 -79 -73 23 -157 0 0 -186 -34 -32 10 28 -22 0 -49 -4 -200 0 35 -69 0 -150 -128 -29 -101 4 -138 -108 -172 -200 -78 0 -81 -47 0 0 -3 26 -50 0 -200 -49 0 -12 0 0 -94 -45 7 -147 -69 3 -43 -156 -37 -189 0 -125 -167 20 -159 -189 -109
-10 122 -123 9 50 -68 58 -33 136 -200 -79 -200 83 43 -200 -105 -63 -200 0 0 -133 111 0 -183 -86 86 93 -122 -194 -175 -193 0 -154 -164 0 -154 15 -94 -172 -156 0 9 29 -200 76 -123 -173 87 -181 50 66 22 -182 -150 -17 -10 -94 0 0 2 -159 24 -200 -180 -131 29 -88 79 -153 106 138 56 -164 -132 -82 73 0 61 -200 56 0
-200 33 -147 200 -166 96 -75 32 190 2 200 31 -200 -40 131 0 -106 31 -107 77 -200 200 -200 186 120 -134 -72 11 -10 0 181 -124 0 115 -200 138 -21 -12 -200 -93 -87 0 -48 -20 -75 99 -142 -200 -183 20 150 -101 185 158 -200 75 107 0 198 123 -9 -6 200 200 120 39 0 98 90 87 28 197 109 44 196 45 79 -120 99 -13 -200
-61 -155 87 0 110 -200 -200 119 70 35 -108 -89 -59 111 0 128 -140 129 -136 0 -200 -71 -94 0 -200 -7 31 108 -200 35 -86 -153 110 -200 0 74 94 -23 0 -158 -200 -130 -194 23 -20 -132 110 98 -81 -60 -200 -129 23 -24 118 99 103 10 -119 85 -200 -48 -26 19 -8 -101 0 -143 127 -200 64 -189 6 0 -111 -145 -200 0 97 0 6
133 -147 25 0 -164 -200 31 -68 -72 -72 112 0 116 -111 -49 85 -3 141 -90 -15 0 101 -28 -200 92 -58 -200 -21 150 -139 93 114 54 117 -68 -80 34 0 120 -200 89 60 130 0 -80 -125 92 183 136 170 0 102 -200 -144 -123 189 149 0 111 141 -111 11 105 -125 -133 35 87 88 -199 101 -33 -123 0 -162 21 101 77 23 128 148 0
-2 -145 -200 95 -200 0 0 0 43 13 70 7 -126 -69 -90 73 24 -200 -34 -127 71 112 3 -84 0 -22 0 0 -143 53 0 75 -16 0 -184 -200 -200 62 71 94 -200 -153 9 17 -6 -195 -76 69 -149 -90 -52 -135 -33 0 -71 0 -100 -122 0 22 50 80 -195 -200 94 0 107 1 -179 10 -110 -191 111 -156 -29 78 4 -124 -152 0 -102
0 164 0 -17 9 123 180 -124 0 -120 148 49 -17 -27 -132 -32 200 -80 -14 -48 200 9 -200 -135 157 154 -3 -87 -153 -65 70 54 -178 17 89 -183 200 -190 20 0 -64 -186 -79 -42 161 200 -19 -74 142 200 -200 -178 -68 115 194 -200 20 -112 -200 123 200 87 182 11 0 66 157 24 54 0 -49 -182 114 -142 0 0 9 0 70 200 0
134 0 91 52 -3 -88 -77 40 -114 47 -72 -67 0 -200 -17 -93 -48 -35 97 138 66 -118 -8 -52 -39 -191 23 143 -169 -50 0 43 -128 -50 3 27 15 -72 -200 -67 23 -22 -35 -177 -168 -72 138 -146 122 -162 -173 39 -198 0 -190 138 40 77 -57 -88 0 -126 -114 -200 -198 127 63 0 -45 1 0 -200 -17 15 102 0 9 -189 111 -118 -177
-200 -200 -85 -158 -66 -139 -85 -3 -66 -114 -92 -81 0 -165 -32 -13 -156 0 -67 -75 -40 -191 -191 -104 -139 -82 0 -27 -200 -200 0 -178 -106 0 -66 -4 -183 -4 -200 -182 -44 -200 -106 0 -200 -144 -20 -62 -57 -200 0 -200 -42 -193 -184 -121 0 -104 -147 -200 -94 -63 -155 -30 0 -200 -82 0 -89 0 -68 -200 -189 0 -109 -132 -23 -103 -186 -43 -92
-185 -111 -187 -72 -72 0 -200 -200 -196 -77 -137 0 0 -130 -200 -41 -177 -31 -126 -148 -153 -41 -110 -200 -40 0 -200 -44 -133 -200 0 -47 -49 -109 -137 -200 0 -24 -57 -27 -65 -133 -200 -110 -34 0 -134 -14 -25 0 -143 -200 -3 -152 -200 0 -113 -133 -200 -7 -162 -160 -19 -200 -123 -11 -83 -200 -113 -120 -200 -14 -46 -94 -166 -200 -89 -200 -200 -200 -177
0 178 19 22 0 -200 -16 -200 137 152 -110 -147 200 83 -133 -65 37 -139 -105 200 -192 200 3 0 -47 200 54 0 -200 200 -200 -34 0 0 75 116 -200 -200 -200 200 -107 197 -200 200 200 78 -131 -79 -200 -164 -170 -14 -200 -69 -82 -40 -198 -26 0 72 111 74 0 -188 145 -120 -200 -157 0 144 -192 0 -141 -20 0 62 -100 -145 -41 -43 -112
-200 -200 -42 -1 0 -88 12 0 -119 -99 0 -44 -109 -200 -200 0 -74 0 -152 -200 -200 0 -200 -24 0 -16 -128 -72 -128 0 -54 0 -10 -124 -83 -86 -184 -130 -92 -200 -1 -200 -113 -70 -45 -12 -156 -44 -112 -33 -84 -80 -154 0 -113 -5 0 -23 -48 -30 -56 -21 -11 -200 -34 0 -155 0 -94 -174 -200 -200 -200 -29 -115 0 -200 -200 0 0 -50
-107 0 12 -133 -159 0 -14 -6 -23 -36 -200 -21 2 -200 -39 45 39 45 0 -27 -200 -200 0 0 61 -200 -79 41 -56 -144 -45 -140 10 51 -18 -179 -70 0 -9 -200 -59 -200 0 49 -144 -200 -200 -94 -195 -60 35 -199 0 0 -38 -78 -174 -68 0 -96 -82 -130 0 51 -78 0 -64 53 40 -192 0 0 -96 0 49 -95 -43 -200 -177 -200 33
-59 0 -91 -140 -72 -127 -38 -91 0 -74 -82 -138 -83 -131 -181 0 -56 0 -53 0 0 -79 -167 -137 -200 0 -110 -66 -64 -138 -3 -169 -190 -24 -17 -69 0 0 0 -54 -89 -117 0 -124 -6 -72 -200 -117 -179 -200 -200 -53 -98 -200 -200 0 -138 -200 -111 0 -200 -200 -169 -63 -12 0 -200 0 -200 -154 -105 -200 -173 -199 0 -200 -8 -171 -189 0 -74
-65 -188 -21 -200 -129 -200 -200 0 -134 -54 -200 -5 -21 -1 -42 -200 -72 -167 -181 -144 -53 0 -182 -200 -127 -200 -22 0 -141 -140 -173 -106 -51 -140 0 -54 -157 -200 -197 -167 -200 0 0 -28 -177 -119 -200 -200 -177 -104 -75 -159 -158 -70 -19 -2 -200 -18 -9 0 -163 -200 0 -74 0 0 -31 -106 0 -200 -43 -61 -36 0 -28 -150 -70 -16 0 -58 -88
