1630 17 1 17
1 1 2 2 1 1 2 1 2 2 2 1 1 1 2 2 1
-200 -200 -200 -200 -200 -200 -200 -200 -200 -200 -200 -200 -200 -200 -200 -200 0
-200 -200 -200 -200 -200 -200 -200 -200 -200 -200 -200 -200 0 -200 -200 -200 -200
-200 -200 -200 -200 -200 -200 -200 -200 0 -200 -200 -200 -200 -200 -200 -200 -200
-200 -200 -200 -200 0 -200 -200 -200 -200 -200 -200 -200 -200 -200 -200 -200 -200
-200 -200 -200 -200 -200 -200 -200 -200 -200 -200 -200 -200 -200 0 -200 -200 -200
-200 -200 -200 -200 -200 -200 -200 -200 -200 -200 -200 0 -200 -200 -200 -200 -200
-200 -200 -200 -200 -200 -200 -200 -200 -200 -200 -200 -200 -200 -200 -200 0 -200
-200 0 -200 -200 -200 -200 -200 -200 -200 -200 -200 -200 -200 -200 -200 -200 -200
-200 -200 -200 -200 -200 -200 -200 -200 -200 0 -200 -200 -200 -200 -200 -200 -200
-200 -200 -200 0 -200 -200 -200 -200 -200 -200 -200 -200 -200 -200 -200 -200 -200
-200 -200 0 -200 -200 -200 -200 -200 -200 -200 -200 -200 -200 -200 -200 -200 -200
-200 -200 -200 -200 -200 -200 -200 -200 -200 -200 -200 -200 -200 -200 0 -200 -200
0 -200 -200 -200 -200 -200 -200 -200 -200 -200 -200 -200 -200 -200 -200 -200 -200
-200 -200 -200 -200 -200 -200 -200 0 -200 -200 -200 -200 -200 -200 -200 -200 -200
-200 -200 -200 -200 -200 -200 0 -200 -200 -200 -200 -200 -200 -200 -200 -200 -200
-200 -200 -200 -200 -200 -200 -200 -200 -200 -200 0 -200 -200 -200 -200 -200 -200
-200 -200 -200 -200 -200 0 -200 -200 -200 -200 -200 -200 -200 -200 -200 -200 -200
