14 17 86 2
200 200 200 200 200 200 200 200 200 200 200 200 200 200 200 200 200
-200 -200 -200 -200 -200 -200 -200 -200 -200 -200 200 -200 -200 -200 -200 -200 -200
-200 -200 -200 -200 -200 -200 -200 -200 200 -200 -200 -200 -200 -200 -200 -200 -200
-200 -200 -200 -200 -200 -200 -200 -200 -200 -200 -200 -200 -200 -200 -200 -200 -200
-200 -200 -200 -200 -200 -200 200 -200 -200 -200 -200 -200 -200 -200 -200 -200 -200
-200 -200 -200 -200 -200 -200 -200 200 -200 -200 -200 -200 -200 -200 -200 -200 -200
-200 -200 -200 -200 -200 -200 -200 -200 -200 -200 -200 -200 -200 -200 -200 -200 -200
-200 -200 -200 -200 200 -200 -200 -200 -200 -200 -200 -200 -200 -200 -200 -200 -200
-200 -200 -200 -200 -200 -200 -200 -200 -200 -200 -200 -200 200 -200 -200 -200 -200
-200 -200 -200 -200 -200 -200 -200 -200 -200 -200 -200 -200 -200 -200 200 -200 -200
-200 -200 -200 -200 -200 -200 -200 -200 -200 -200 -200 -200 -200 -200 -200 200 -200
-200 -200 -200 -200 -200 -200 -200 -200 -200 -200 -200 200 -200 -200 -200 -200 -200
-200 -200 -200 -200 -200 -200 -200 -200 -200 -200 -200 -200 -200 -200 -200 -200 -200
-200 200 -200 -200 -200 -200 -200 -200 -200 -200 -200 -200 -200 -200 -200 -200 -200
200 -200 -200 -200 -200 -200 -200 -200 -200 -200 -200 -200 -200 -200 -200 -200 -200
-200 -200 -200 -200 -200 -200 -200 -200 -200 200 -200 -200 -200 -200 -200 -200 -200
-200 -200 -200 -200 -200 -200 -200 -200 -200 -200 -200 -200 -200 200 -200 -200 -200
-200 -200 -200 -200 -200 -200 -200 -200 -200 -200 -200 -200 -200 -200 -200 -200 -200
