989483213 98 54 54
138 82 80 129 1 177 109 184 1 197 191 167 23 200 59 200 111 1 1 198 1 75 71 1 200 178 151 1 1 51 190 134 21 170 26 89 200 65 15 178 114 11 199 31 1 50 126 63 128 93 1 200 135 96 94 126 200 200 127 140 67 111 132 1 1 159 129 81 135 118 1 92 113 1 1 60 1 59 17 146 26 162 29 97 1 200 174 1 150 159 176 122 200 1 200 50 151 139
-200 -200 -200 -200 -200 -200 -200 -200 -200 -200 -200 -200 -200 -200 -200 -200 -200 -200 -200 -200 -200 -200 -200 -200 -200 -200 -200 -200 -200 -200 -200 -200 -200 -200 -200 -200 -200 -200 -200 -200 -200 -200 -200 -200 -200 -200 -200 -200 -200 -200 -200 -200 -200 -200 -200 -200 -200 -200 -200 -200 -200 -200 -200 -200 -200 -200 -200 -200 -200 -200 -200 -200 -200 -200 -200 -200 -200 -200 -200 -200 -200 -200 -200 -200 -200 -200 -200 -200 -200 -200 -200 -200 -200 -200 -200 -200 -200 -200
-200 -200 -200 -200 -200 -200 -200 -200 -200 -200 -200 -200 -200 -200 -200 -200 -200 -200 -200 -200 -200 -200 -200 -200 -200 -200 -200 -200 -200 -200 -200 -200 -200 -200 -200 -200 -200 -200 -200 -200 -200 -200 -200 -200 -200 -200 -200 -200 -200 -200 -200 -200 -200 -200 -200 -200 -200 -200 -200 -200 -200 -200 -200 -200 -200 -200 -200 -200 -200 -200 -200 -200 -200 -200 -200 -200 -200 -200 -200 -200 -200 -200 -200 -200 -200 -200 -200 -200 -200 -200 -200 -200 -200 -200 -200 -200 -200 -200
-200 -200 -200 -200 -200 -200 -200 -200 -200 -200 -200 -200 -200 -200 -200 -200 -200 -200 -200 -200 -200 -200 -200 -200 -200 -200 -200 -200 -200 -200 -200 -200 -200 -200 -200 -200 -200 -200 -200 -200 -200 -200 -200 -200 -200 -200 -200 -200 -200 -200 -200 -200 -200 -200 -200 -200 -200 -200 -200 -200 -200 -200 -200 -200 -200 -200 -200 -200 -200 -200 -200 -200 -200 -200 -200 -200 -200 -200 -200 -200 -200 -200 -200 -200 -200 -200 -200 -200 -200 -200 -200 -200 -200 -200 -200 -200 -200 -200
-200 -200 -200 -200 -200 -200 -200 -200 -200 -200 -200 -200 -200 -200 -200 -200 -200 -200 -200 -200 -200 -200 -200 -200 -200 -200 -200 -200 -200 -200 -200 -200 -200 -200 -200 -200 -200 -200 -200 -200 -200 -200 -200 -200 -200 -200 -200 -200 -200 -200 -200 -200 -200 -200 -200 -200 -200 -200 -200 -200 -200 -200 -200 -200 -200 -200 -200 -200 -200 -200 -200 -200 -200 -200 -200 -200 -200 -200 -200 -200 -200 -200 -200 -200 -200 -200 -200 -200 -200 -200 -200 -200 -200 -200 -200 -200 -200 -200
-200 -200 -200 -200 -200 -200 -200 -200 -200 -200 -200 -200 -200 -200 -200 -200 -200 -200 -200 -200 -200 -200 -200 -200 -200 -200 -200 -200 -200 -200 -200 -200 -200 -200 -200 -200 -200 -200 -200 -200 -200 -200 -200 -200 -200 -200 -200 -200 -200 -200 -200 -200 -200 -200 -200 -200 -200 -200 -200 -200 -200 -200 -200 -200 -200 -200 -200 -200 -200 -200 -200 -200 -200 -200 -200 -200 -200 -200 -200 -200 -200 -200 -200 -200 -200 -200 -200 -200 -200 -200 -200 -200 -200 -200 -200 -200 -200 -200
-200 -200 -200 -200 -200 -200 -200 -200 -200 -200 -200 -200 -200 -200 -200 -200 -200 -200 -200 -200 -200 -200 -200 -200 -200 -200 -200 -200 -200 -200 -200 -200 -200 -200 -200 -200 -200 -200 -200 -200 -200 -200 -200 -200 -200 -200 -200 -200 -200 -200 -200 -200 -200 -200 -200 -200 -200 -200 -200 -200 -200 -200 -200 -200 -200 -200 -200 -200 -200 -200 -200 -200 -200 -200 -200 -200 -200 -200 -200 -200 -200 -200 -200 -200 -200 -200 -200 -200 -200 -200 -200 -200 -200 -200 -200 -200 -200 -200
-200 -200 -200 -200 -200 -200 -200 -200 -200 -200 -200 -200 -200 -200 -200 -200 -200 -200 -200 -200 -200 -200 -200 -200 -200 -200 -200 -200 -200 -200 -200 -200 -200 -200 -200 -200 -200 -200 -200 -200 -200 -200 -200 -200 -200 -200 -200 -200 -200 -200 -200 -200 -200 -200 -200 -200 -200 -200 -200 -200 -200 -200 -200 -200 -200 -200 -200 -200 -200 -200 -200 -200 -200 -200 -200 -200 -200 -200 -200 -200 -200 -200 -200 -200 -200 -200 -200 -200 -200 -200 -200 -200 -200 -200 -200 -200 -200 -200
-200 -200 -200 -200 -200 -200 -200 -200 -200 -200 -200 -200 -200 -200 -200 -200 -200 -200 -200 -200 -200 -200 -200 -200 -200 -200 -200 -200 -200 -200 -200 -200 -200 -200 -200 -200 -200 -200 -200 -200 -200 -200 -200 -200 -200 -200 -200 -200 -200 -200 -200 -200 -200 -200 -200 -200 -200 -200 -200 -200 -200 -200 -200 -200 -200 -200 -200 -200 -200 -200 -200 -200 -200 -200 -200 -200 -200 -200 -200 -200 -200 -200 -200 -200 -200 -200 -200 -200 -200 -200 -200 -200 -200 -200 -200 -200 -200 -200
-200 -200 -200 -200 -200 -200 -200 -200 -200 -200 -200 -200 -200 -200 -200 -200 -200 -200 -200 -200 -200 -200 -200 -200 -200 -200 -200 -200 -200 -200 -200 -200 -200 -200 -200 -200 -200 -200 -200 -200 -200 -200 -200 -200 -200 -200 -200 -200 -200 -200 -200 -200 -200 -200 -200 -200 -200 -200 -200 -200 -200 -200 -200 -200 -200 -200 -200 -200 -200 -200 -200 -200 -200 -200 -200 -200 -200 -200 -200 -200 -200 -200 -200 -200 -200 -200 -200 -200 -200 -200 -200 -200 -200 -200 -200 -200 -200 -200
-200 -200 -200 -200 -200 -200 -200 -200 -200 -200 -200 -200 -200 -200 -200 -200 -200 -200 -200 -200 -200 -200 -200 -200 -200 -200 -200 -200 -200 -200 -200 -200 -200 -200 -200 -200 -200 -200 -200 -200 -200 -200 -200 -200 -200 -200 -200 -200 -200 -200 -200 -200 -200 -200 -200 -200 -200 -200 -200 -200 -200 -200 -200 -200 -200 -200 -200 -200 -200 -200 -200 -200 -200 -200 -200 -200 -200 -200 -200 -200 -200 -200 -200 -200 -200 -200 -200 -200 -200 -200 -200 -200 -200 -200 -200 -200 -200 -200
-200 -200 -200 -200 -200 -200 -200 -200 -200 -200 -200 -200 -200 -200 -200 -200 -200 -200 -200 -200 -200 -200 -200 -200 -200 -200 -200 -200 -200 -200 -200 -200 -200 -200 -200 -200 -200 -200 -200 -200 -200 -200 -200 -200 -200 -200 -200 -200 -200 -200 -200 -200 -200 -200 -200 -200 -200 -200 -200 -200 -200 -200 -200 -200 -200 -200 -200 -200 -200 -200 -200 -200 -200 -200 -200 -200 -200 -200 -200 -200 -200 -200 -200 -200 -200 -200 -200 -200 -200 -200 -200 -200 -200 -200 -200 -200 -200 -200
-200 -200 -200 -200 -200 -200 -200 -200 -200 -200 -200 -200 -200 -200 -200 -200 -200 -200 -200 -200 -200 -200 -200 -200 -200 -200 -200 -200 -200 -200 -200 -200 -200 -200 -200 -200 -200 -200 -200 -200 -200 -200 -200 -200 -200 -200 -200 -200 -200 -200 -200 -200 -200 -200 -200 -200 -200 -200 -200 -200 -200 -200 -200 -200 -200 -200 -200 -200 -200 -200 -200 -200 -200 -200 -200 -200 -200 -200 -200 -200 -200 -200 -200 -200 -200 -200 -200 -200 -200 -200 -200 -200 -200 -200 -200 -200 -200 -200
-200 -200 -200 -200 -200 -200 -200 -200 -200 -200 -200 -200 -200 -200 -200 -200 -200 -200 -200 -200 -200 -200 -200 -200 -200 -200 -200 -200 -200 -200 -200 -200 -200 -200 -200 -200 -200 -200 -200 -200 -200 -200 -200 -200 -200 -200 -200 -200 -200 -200 -200 -200 -200 -200 -200 -200 -200 -200 -200 -200 -200 -200 -200 -200 -200 -200 -200 -200 -200 -200 -200 -200 -200 -200 -200 -200 -200 -200 -200 -200 -200 -200 -200 -200 -200 -200 -200 -200 -200 -200 -200 -200 -200 -200 -200 -200 -200 -200
-200 -200 -200 -200 -200 -200 -200 -200 -200 -200 -200 -200 -200 -200 -200 -200 -200 -200 -200 -200 -200 -200 -200 -200 -200 -200 -200 -200 -200 -200 -200 -200 -200 -200 -200 -200 -200 -200 -200 -200 -200 -200 -200 -200 -200 -200 -200 -200 -200 -200 -200 -200 -200 -200 -200 -200 -200 -200 -200 -200 -200 -200 -200 -200 -200 -200 -200 -200 -200 -200 -200 -200 -200 -200 -200 -200 -200 -200 -200 -200 -200 -200 -200 -200 -200 -200 -200 -200 -200 -200 -200 -200 -200 -200 -200 -200 -200 -200
-200 -200 -200 -200 -200 -200 -200 -200 -200 -200 -200 -200 -200 -200 -200 -200 -200 -200 -200 -200 -200 -200 -200 -200 -200 -200 -200 -200 -200 -200 -200 -200 -200 -200 -200 -200 -200 -200 -200 -200 -200 -200 -200 -200 -200 -200 -200 -200 -200 -200 -200 -200 -200 -200 -200 -200 -200 -200 -200 -200 -200 -200 -200 -200 -200 -200 -200 -200 -200 -200 -200 -200 -200 -200 -200 -200 -200 -200 -200 -200 -200 -200 -200 -200 -200 -200 -200 -200 -200 -200 -200 -200 -200 -200 -200 -200 -200 -200
-200 -200 -200 -200 -200 -200 -200 -200 -200 -200 -200 -200 -200 -200 -200 -200 -200 -200 -200 -200 -200 -200 -200 -200 -200 -200 -200 -200 -200 -200 -200 -200 -200 -200 -200 -200 -200 -200 -200 -200 -200 -200 -200 -200 -200 -200 -200 -200 -200 -200 -200 -200 -200 -200 -200 -200 -200 -200 -200 -200 -200 -200 -200 -200 -200 -200 -200 -200 -200 -200 -200 -200 -200 -200 -200 -200 -200 -200 -200 -200 -200 -200 -200 -200 -200 -200 -200 -200 -200 -200 -200 -200 -200 -200 -200 -200 -200 -200
-200 -200 -200 -200 -200 -200 -200 -200 -200 -200 -200 -200 -200 -200 -200 -200 -200 -200 -200 -200 -200 -200 -200 -200 -200 -200 -200 -200 -200 -200 -200 -200 -200 -200 -200 -200 -200 -200 -200 -200 -200 -200 -200 -200 -200 -200 -200 -200 -200 -200 -200 -200 -200 -200 -200 -200 -200 -200 -200 -200 -200 -200 -200 -200 -200 -200 -200 -200 -200 -200 -200 -200 -200 -200 -200 -200 -200 -200 -200 -200 -200 -200 -200 -200 -200 -200 -200 -200 -200 -200 -200 -200 -200 -200 -200 -200 -200 -200
-200 -200 -200 -200 -200 -200 -200 -200 -200 -200 -200 -200 -200 -200 -200 -200 -200 -200 -200 -200 -200 -200 -200 -200 -200 -200 -200 -200 -200 -200 -200 -200 -200 -200 -200 -200 -200 -200 -200 -200 -200 -200 -200 -200 -200 -200 -200 -200 -200 -200 -200 -200 -200 -200 -200 -200 -200 -200 -200 -200 -200 -200 -200 -200 -200 -200 -200 -200 -200 -200 -200 -200 -200 -200 -200 -200 -200 -200 -200 -200 -200 -200 -200 -200 -200 -200 -200 -200 -200 -200 -200 -200 -200 -200 -200 -200 -200 -200
-200 -200 -200 -200 -200 -200 -200 -200 -200 -200 -200 -200 -200 -200 -200 -200 -200 -200 -200 -200 -200 -200 -200 -200 -200 -200 -200 -200 -200 -200 -200 -200 -200 -200 -200 -200 -200 -200 -200 -200 -200 -200 -200 -200 -200 -200 -200 -200 -200 -200 -200 -200 -200 -200 -200 -200 -200 -200 -200 -200 -200 -200 -200 -200 -200 -200 -200 -200 -200 -200 -200 -200 -200 -200 -200 -200 -200 -200 -200 -200 -200 -200 -200 -200 -200 -200 -200 -200 -200 -200 -200 -200 -200 -200 -200 -200 -200 -200
-200 -200 -200 -200 -200 -200 -200 -200 -200 -200 -200 -200 -200 -200 -200 -200 -200 -200 -200 -200 -200 -200 -200 -200 -200 -200 -200 -200 -200 -200 -200 -200 -200 -200 -200 -200 -200 -200 -200 -200 -200 -200 -200 -200 -200 -200 -200 -200 -200 -200 -200 -200 -200 -200 -200 -200 -200 -200 -200 -200 -200 -200 -200 -200 -200 -200 -200 -200 -200 -200 -200 -200 -200 -200 -200 -200 -200 -200 -200 -200 -200 -200 -200 -200 -200 -200 -200 -200 -200 -200 -200 -200 -200 -200 -200 -200 -200 -200
-200 -200 -200 -200 -200 -200 -200 -200 -200 -200 -200 -200 -200 -200 -200 -200 -200 -200 -200 -200 -200 -200 -200 -200 -200 -200 -200 -200 -200 -200 -200 -200 -200 -200 -200 -200 -200 -200 -200 -200 -200 -200 -200 -200 -200 -200 -200 -200 -200 -200 -200 -200 -200 -200 -200 -200 -200 -200 -200 -200 -200 -200 -200 -200 -200 -200 -200 -200 -200 -200 -200 -200 -200 -200 -200 -200 -200 -200 -200 -200 -200 -200 -200 -200 -200 -200 -200 -200 -200 -200 -200 -200 -200 -200 -200 -200 -200 -200
-200 -200 -200 -200 -200 -200 -200 -200 -200 -200 -200 -200 -200 -200 -200 -200 -200 -200 -200 -200 -200 -200 -200 -200 -200 -200 -200 -200 -200 -200 -200 -200 -200 -200 -200 -200 -200 -200 -200 -200 -200 -200 -200 -200 -200 -200 -200 -200 -200 -200 -200 -200 -200 -200 -200 -200 -200 -200 -200 -200 -200 -200 -200 -200 -200 -200 -200 -200 -200 -200 -200 -200 -200 -200 -200 -200 -200 -200 -200 -200 -200 -200 -200 -200 -200 -200 -200 -200 -200 -200 -200 -200 -200 -200 -200 -200 -200 -200
-200 -200 -200 -200 -200 -200 -200 -200 -200 -200 -200 -200 -200 -200 -200 -200 -200 -200 -200 -200 -200 -200 -200 -200 -200 -200 -200 -200 -200 -200 -200 -200 -200 -200 -200 -200 -200 -200 -200 -200 -200 -200 -200 -200 -200 -200 -200 -200 -200 -200 -200 -200 -200 -200 -200 -200 -200 -200 -200 -200 -200 -200 -200 -200 -200 -200 -200 -200 -200 -200 -200 -200 -200 -200 -200 -200 -200 -200 -200 -200 -200 -200 -200 -200 -200 -200 -200 -200 -200 -200 -200 -200 -200 -200 -200 -200 -200 -200
-200 -200 -200 -200 -200 -200 -200 -200 -200 -200 -200 -200 -200 -200 -200 -200 -200 -200 -200 -200 -200 -200 -200 -200 -200 -200 -200 -200 -200 -200 -200 -200 -200 -200 -200 -200 -200 -200 -200 -200 -200 -200 -200 -200 -200 -200 -200 -200 -200 -200 -200 -200 -200 -200 -200 -200 -200 -200 -200 -200 -200 -200 -200 -200 -200 -200 -200 -200 -200 -200 -200 -200 -200 -200 -200 -200 -200 -200 -200 -200 -200 -200 -200 -200 -200 -200 -200 -200 -200 -200 -200 -200 -200 -200 -200 -200 -200 -200
-200 -200 -200 -200 -200 -200 -200 -200 -200 -200 -200 -200 -200 -200 -200 -200 -200 -200 -200 -200 -200 -200 -200 -200 -200 -200 -200 -200 -200 -200 -200 -200 -200 -200 -200 -200 -200 -200 -200 -200 -200 -200 -200 -200 -200 -200 -200 -200 -200 -200 -200 -200 -200 -200 -200 -200 -200 -200 -200 -200 -200 -200 -200 -200 -200 -200 -200 -200 -200 -200 -200 -200 -200 -200 -200 -200 -200 -200 -200 -200 -200 -200 -200 -200 -200 -200 -200 -200 -200 -200 -200 -200 -200 -200 -200 -200 -200 -200
-200 -200 -200 -200 -200 -200 -200 -200 -200 -200 -200 -200 -200 -200 -200 -200 -200 -200 -200 -200 -200 -200 -200 -200 -200 -200 -200 -200 -200 -200 -200 -200 -200 -200 -200 -200 -200 -200 -200 -200 -200 -200 -200 -200 -200 -200 -200 -200 -200 -200 -200 -200 -200 -200 -200 -200 -200 -200 -200 -200 -200 -200 -200 -200 -200 -200 -200 -200 -200 -200 -200 -200 -200 -200 -200 -200 -200 -200 -200 -200 -200 -200 -200 -200 -200 -200 -200 -200 -200 -200 -200 -200 -200 -200 -200 -200 -200 -200
-200 -200 -200 -200 -200 -200 -200 -200 -200 -200 -200 -200 -200 -200 -200 -200 -200 -200 -200 -200 -200 -200 -200 -200 -200 -200 -200 -200 -200 -200 -200 -200 -200 -200 -200 -200 -200 -200 -200 -200 -200 -200 -200 -200 -200 -200 -200 -200 -200 -200 -200 -200 -200 -200 -200 -200 -200 -200 -200 -200 -200 -200 -200 -200 -200 -200 -200 -200 -200 -200 -200 -200 -200 -200 -200 -200 -200 -200 -200 -200 -200 -200 -200 -200 -200 -200 -200 -200 -200 -200 -200 -200 -200 -200 -200 -200 -200 -200
-200 -200 -200 -200 -200 -200 -200 -200 -200 -200 -200 -200 -200 -200 -200 -200 -200 -200 -200 -200 -200 -200 -200 -200 -200 -200 -200 -200 -200 -200 -200 -200 -200 -200 -200 -200 -200 -200 -200 -200 -200 -200 -200 -200 -200 -200 -200 -200 -200 -200 -200 -200 -200 -200 -200 -200 -200 -200 -200 -200 -200 -200 -200 -200 -200 -200 -200 -200 -200 -200 -200 -200 -200 -200 -200 -200 -200 -200 -200 -200 -200 -200 -200 -200 -200 -200 -200 -200 -200 -200 -200 -200 -200 -200 -200 -200 -200 -200
-200 -200 -200 -200 -200 -200 -200 -200 -200 -200 -200 -200 -200 -200 -200 -200 -200 -200 -200 -200 -200 -200 -200 -200 -200 -200 -200 -200 -200 -200 -200 -200 -200 -200 -200 -200 -200 -200 -200 -200 -200 -200 -200 -200 -200 -200 -200 -200 -200 -200 -200 -200 -200 -200 -200 -200 -200 -200 -200 -200 -200 -200 -200 -200 -200 -200 -200 -200 -200 -200 -200 -200 -200 -200 -200 -200 -200 -200 -200 -200 -200 -200 -200 -200 -200 -200 -200 -200 -200 -200 -200 -200 -200 -200 -200 -200 -200 -200
-200 -200 -200 -200 -200 -200 -200 -200 -200 -200 -200 -200 -200 -200 -200 -200 -200 -200 -200 -200 -200 -200 -200 -200 -200 -200 -200 -200 -200 -200 -200 -200 -200 -200 -200 -200 -200 -200 -200 -200 -200 -200 -200 -200 -200 -200 -200 -200 -200 -200 -200 -200 -200 -200 -200 -200 -200 -200 -200 -200 -200 -200 -200 -200 -200 -200 -200 -200 -200 -200 -200 -200 -200 -200 -200 -200 -200 -200 -200 -200 -200 -200 -200 -200 -200 -200 -200 -200 -200 -200 -200 -200 -200 -200 -200 -200 -200 -200
-200 -200 -200 -200 -200 -200 -200 -200 -200 -200 -200 -200 -200 -200 -200 -200 -200 -200 -200 -200 -200 -200 -200 -200 -200 -200 -200 -200 -200 -200 -200 -200 -200 -200 -200 -200 -200 -200 -200 -200 -200 -200 -200 -200 -200 -200 -200 -200 -200 -200 -200 -200 -200 -200 -200 -200 -200 -200 -200 -200 -200 -200 -200 -200 -200 -200 -200 -200 -200 -200 -200 -200 -200 -200 -200 -200 -200 -200 -200 -200 -200 -200 -200 -200 -200 -200 -200 -200 -200 -200 -200 -200 -200 -200 -200 -200 -200 -200
-200 -200 -200 -200 -200 -200 -200 -200 -200 -200 -200 -200 -200 -200 -200 -200 -200 -200 -200 -200 -200 -200 -200 -200 -200 -200 -200 -200 -200 -200 -200 -200 -200 -200 -200 -200 -200 -200 -200 -200 -200 -200 -200 -200 -200 -200 -200 -200 -200 -200 -200 -200 -200 -200 -200 -200 -200 -200 -200 -200 -200 -200 -200 -200 -200 -200 -200 -200 -200 -200 -200 -200 -200 -200 -200 -200 -200 -200 -200 -200 -200 -200 -200 -200 -200 -200 -200 -200 -200 -200 -200 -200 -200 -200 -200 -200 -200 -200
-200 -200 -200 -200 -200 -200 -200 -200 -200 -200 -200 -200 -200 -200 -200 -200 -200 -200 -200 -200 -200 -200 -200 -200 -200 -200 -200 -200 -200 -200 -200 -200 -200 -200 -200 -200 -200 -200 -200 -200 -200 -200 -200 -200 -200 -200 -200 -200 -200 -200 -200 -200 -200 -200 -200 -200 -200 -200 -200 -200 -200 -200 -200 -200 -200 -200 -200 -200 -200 -200 -200 -200 -200 -200 -200 -200 -200 -200 -200 -200 -200 -200 -200 -200 -200 -200 -200 -200 -200 -200 -200 -200 -200 -200 -200 -200 -200 -200
-200 -200 -200 -200 -200 -200 -200 -200 -200 -200 -200 -200 -200 -200 -200 -200 -200 -200 -200 -200 -200 -200 -200 -200 -200 -200 -200 -200 -200 -200 -200 -200 -200 -200 -200 -200 -200 -200 -200 -200 -200 -200 -200 -200 -200 -200 -200 -200 -200 -200 -200 -200 -200 -200 -200 -200 -200 -200 -200 -200 -200 -200 -200 -200 -200 -200 -200 -200 -200 -200 -200 -200 -200 -200 -200 -200 -200 -200 -200 -200 -200 -200 -200 -200 -200 -200 -200 -200 -200 -200 -200 -200 -200 -200 -200 -200 -200 -200
-200 -200 -200 -200 -200 -200 -200 -200 -200 -200 -200 -200 -200 -200 -200 -200 -200 -200 -200 -200 -200 -200 -200 -200 -200 -200 -200 -200 -200 -200 -200 -200 -200 -200 -200 -200 -200 -200 -200 -200 -200 -200 -200 -200 -200 -200 -200 -200 -200 -200 -200 -200 -200 -200 -200 -200 -200 -200 -200 -200 -200 -200 -200 -200 -200 -200 -200 -200 -200 -200 -200 -200 -200 -200 -200 -200 -200 -200 -200 -200 -200 -200 -200 -200 -200 -200 -200 -200 -200 -200 -200 -200 -200 -200 -200 -200 -200 -200
-200 -200 -200 -200 -200 -200 -200 -200 -200 -200 -200 -200 -200 -200 -200 -200 -200 -200 -200 -200 -200 -200 -200 -200 -200 -200 -200 -200 -200 -200 -200 -200 -200 -200 -200 -200 -200 -200 -200 -200 -200 -200 -200 -200 -200 -200 -200 -200 -200 -200 -200 -200 -200 -200 -200 -200 -200 -200 -200 -200 -200 -200 -200 -200 -200 -200 -200 -200 -200 -200 -200 -200 -200 -200 -200 -200 -200 -200 -200 -200 -200 -200 -200 -200 -200 -200 -200 -200 -200 -200 -200 -200 -200 -200 -200 -200 -200 -200
-200 -200 -200 -200 -200 -200 -200 -200 -200 -200 -200 -200 -200 -200 -200 -200 -200 -200 -200 -200 -200 -200 -200 -200 -200 -200 -200 -200 -200 -200 -200 -200 -200 -200 -200 -200 -200 -200 -200 -200 -200 -200 -200 -200 -200 -200 -200 -200 -200 -200 -200 -200 -200 -200 -200 -200 -200 -200 -200 -200 -200 -200 -200 -200 -200 -200 -200 -200 -200 -200 -200 -200 -200 -200 -200 -200 -200 -200 -200 -200 -200 -200 -200 -200 -200 -200 -200 -200 -200 -200 -200 -200 -200 -200 -200 -200 -200 -200
-200 -200 -200 -200 -200 -200 -200 -200 -200 -200 -200 -200 -200 -200 -200 -200 -200 -200 -200 -200 -200 -200 -200 -200 -200 -200 -200 -200 -200 -200 -200 -200 -200 -200 -200 -200 -200 -200 -200 -200 -200 -200 -200 -200 -200 -200 -200 -200 -200 -200 -200 -200 -200 -200 -200 -200 -200 -200 -200 -200 -200 -200 -200 -200 -200 -200 -200 -200 -200 -200 -200 -200 -200 -200 -200 -200 -200 -200 -200 -200 -200 -200 -200 -200 -200 -200 -200 -200 -200 -200 -200 -200 -200 -200 -200 -200 -200 -200
-200 -200 -200 -200 -200 -200 -200 -200 -200 -200 -200 -200 -200 -200 -200 -200 -200 -200 -200 -200 -200 -200 -200 -200 -200 -200 -200 -200 -200 -200 -200 -200 -200 -200 -200 -200 -200 -200 -200 -200 -200 -200 -200 -200 -200 -200 -200 -200 -200 -200 -200 -200 -200 -200 -200 -200 -200 -200 -200 -200 -200 -200 -200 -200 -200 -200 -200 -200 -200 -200 -200 -200 -200 -200 -200 -200 -200 -200 -200 -200 -200 -200 -200 -200 -200 -200 -200 -200 -200 -200 -200 -200 -200 -200 -200 -200 -200 -200
-200 -200 -200 -200 -200 -200 -200 -200 -200 -200 -200 -200 -200 -200 -200 -200 -200 -200 -200 -200 -200 -200 -200 -200 -200 -200 -200 -200 -200 -200 -200 -200 -200 -200 -200 -200 -200 -200 -200 -200 -200 -200 -200 -200 -200 -200 -200 -200 -200 -200 -200 -200 -200 -200 -200 -200 -200 -200 -200 -200 -200 -200 -200 -200 -200 -200 -200 -200 -200 -200 -200 -200 -200 -200 -200 -200 -200 -200 -200 -200 -200 -200 -200 -200 -200 -200 -200 -200 -200 -200 -200 -200 -200 -200 -200 -200 -200 -200
-200 -200 -200 -200 -200 -200 -200 -200 -200 -200 -200 -200 -200 -200 -200 -200 -200 -200 -200 -200 -200 -200 -200 -200 -200 -200 -200 -200 -200 -200 -200 -200 -200 -200 -200 -200 -200 -200 -200 -200 -200 -200 -200 -200 -200 -200 -200 -200 -200 -200 -200 -200 -200 -200 -200 -200 -200 -200 -200 -200 -200 -200 -200 -200 -200 -200 -200 -200 -200 -200 -200 -200 -200 -200 -200 -200 -200 -200 -200 -200 -200 -200 -200 -200 -200 -200 -200 -200 -200 -200 -200 -200 -200 -200 -200 -200 -200 -200
-200 -200 -200 -200 -200 -200 -200 -200 -200 -200 -200 -200 -200 -200 -200 -200 -200 -200 -200 -200 -200 -200 -200 -200 -200 -200 -200 -200 -200 -200 -200 -200 -200 -200 -200 -200 -200 -200 -200 -200 -200 -200 -200 -200 -200 -200 -200 -200 -200 -200 -200 -200 -200 -200 -200 -200 -200 -200 -200 -200 -200 -200 -200 -200 -200 -200 -200 -200 -200 -200 -200 -200 -200 -200 -200 -200 -200 -200 -200 -200 -200 -200 -200 -200 -200 -200 -200 -200 -200 -200 -200 -200 -200 -200 -200 -200 -200 -200
-200 -200 -200 -200 -200 -200 -200 -200 -200 -200 -200 -200 -200 -200 -200 -200 -200 -200 -200 -200 -200 -200 -200 -200 -200 -200 -200 -200 -200 -200 -200 -200 -200 -200 -200 -200 -200 -200 -200 -200 -200 -200 -200 -200 -200 -200 -200 -200 -200 -200 -200 -200 -200 -200 -200 -200 -200 -200 -200 -200 -200 -200 -200 -200 -200 -200 -200 -200 -200 -200 -200 -200 -200 -200 -200 -200 -200 -200 -200 -200 -200 -200 -200 -200 -200 -200 -200 -200 -200 -200 -200 -200 -200 -200 -200 -200 -200 -200
-200 -200 -200 -200 -200 -200 -200 -200 -200 -200 -200 -200 -200 -200 -200 -200 -200 -200 -200 -200 -200 -200 -200 -200 -200 -200 -200 -200 -200 -200 -200 -200 -200 -200 -200 -200 -200 -200 -200 -200 -200 -200 -200 -200 -200 -200 -200 -200 -200 -200 -200 -200 -200 -200 -200 -200 -200 -200 -200 -200 -200 -200 -200 -200 -200 -200 -200 -200 -200 -200 -200 -200 -200 -200 -200 -200 -200 -200 -200 -200 -200 -200 -200 -200 -200 -200 -200 -200 -200 -200 -200 -200 -200 -200 -200 -200 -200 -200
-200 -200 -200 -200 -200 -200 -200 -200 -200 -200 -200 -200 -200 -200 -200 -200 -200 -200 -200 -200 -200 -200 -200 -200 -200 -200 -200 -200 -200 -200 -200 -200 -200 -200 -200 -200 -200 -200 -200 -200 -200 -200 -200 -200 -200 -200 -200 -200 -200 -200 -200 -200 -200 -200 -200 -200 -200 -200 -200 -200 -200 -200 -200 -200 -200 -200 -200 -200 -200 -200 -200 -200 -200 -200 -200 -200 -200 -200 -200 -200 -200 -200 -200 -200 -200 -200 -200 -200 -200 -200 -200 -200 -200 -200 -200 -200 -200 -200
-200 -200 -200 -200 -200 -200 -200 -200 -200 -200 -200 -200 -200 -200 -200 -200 -200 -200 -200 -200 -200 -200 -200 -200 -200 -200 -200 -200 -200 -200 -200 -200 -200 -200 -200 -200 -200 -200 -200 -200 -200 -200 -200 -200 -200 -200 -200 -200 -200 -200 -200 -200 -200 -200 -200 -200 -200 -200 -200 -200 -200 -200 -200 -200 -200 -200 -200 -200 -200 -200 -200 -200 -200 -200 -200 -200 -200 -200 -200 -200 -200 -200 -200 -200 -200 -200 -200 -200 -200 -200 -200 -200 -200 -200 -200 -200 -200 -200
-200 -200 -200 -200 -200 -200 -200 -200 -200 -200 -200 -200 -200 -200 -200 -200 -200 -200 -200 -200 -200 -200 -200 -200 -200 -200 -200 -200 -200 -200 -200 -200 -200 -200 -200 -200 -200 -200 -200 -200 -200 -200 -200 -200 -200 -200 -200 -200 -200 -200 -200 -200 -200 -200 -200 -200 -200 -200 -200 -200 -200 -200 -200 -200 -200 -200 -200 -200 -200 -200 -200 -200 -200 -200 -200 -200 -200 -200 -200 -200 -200 -200 -200 -200 -200 -200 -200 -200 -200 -200 -200 -200 -200 -200 -200 -200 -200 -200
-200 -200 -200 -200 -200 -200 -200 -200 -200 -200 -200 -200 -200 -200 -200 -200 -200 -200 -200 -200 -200 -200 -200 -200 -200 -200 -200 -200 -200 -200 -200 -200 -200 -200 -200 -200 -200 -200 -200 -200 -200 -200 -200 -200 -200 -200 -200 -200 -200 -200 -200 -200 -200 -200 -200 -200 -200 -200 -200 -200 -200 -200 -200 -200 -200 -200 -200 -200 -200 -200 -200 -200 -200 -200 -200 -200 -200 -200 -200 -200 -200 -200 -200 -200 -200 -200 -200 -200 -200 -200 -200 -200 -200 -200 -200 -200 -200 -200
-200 -200 -200 -200 -200 -200 -200 -200 -200 -200 -200 -200 -200 -200 -200 -200 -200 -200 -200 -200 -200 -200 -200 -200 -200 -200 -200 -200 -200 -200 -200 -200 -200 -200 -200 -200 -200 -200 -200 -200 -200 -200 -200 -200 -200 -200 -200 -200 -200 -200 -200 -200 -200 -200 -200 -200 -200 -200 -200 -200 -200 -200 -200 -200 -200 -200 -200 -200 -200 -200 -200 -200 -200 -200 -200 -200 -200 -200 -200 -200 -200 -200 -200 -200 -200 -200 -200 -200 -200 -200 -200 -200 -200 -200 -200 -200 -200 -200
-200 -200 -200 -200 -200 -200 -200 -200 -200 -200 -200 -200 -200 -200 -200 -200 -200 -200 -200 -200 -200 -200 -200 -200 -200 -200 -200 -200 -200 -200 -200 -200 -200 -200 -200 -200 -200 -200 -200 -200 -200 -200 -200 -200 -200 -200 -200 -200 -200 -200 -200 -200 -200 -200 -200 -200 -200 -200 -200 -200 -200 -200 -200 -200 -200 -200 -200 -200 -200 -200 -200 -200 -200 -200 -200 -200 -200 -200 -200 -200 -200 -200 -200 -200 -200 -200 -200 -200 -200 -200 -200 -200 -200 -200 -200 -200 -200 -200
-200 -200 -200 -200 -200 -200 -200 -200 -200 -200 -200 -200 -200 -200 -200 -200 -200 -200 -200 -200 -200 -200 -200 -200 -200 -200 -200 -200 -200 -200 -200 -200 -200 -200 -200 -200 -200 -200 -200 -200 -200 -200 -200 -200 -200 -200 -200 -200 -200 -200 -200 -200 -200 -200 -200 -200 -200 -200 -200 -200 -200 -200 -200 -200 -200 -200 -200 -200 -200 -200 -200 -200 -200 -200 -200 -200 -200 -200 -200 -200 -200 -200 -200 -200 -200 -200 -200 -200 -200 -200 -200 -200 -200 -200 -200 -200 -200 -200
-200 -200 -200 -200 -200 -200 -200 -200 -200 -200 -200 -200 -200 -200 -200 -200 -200 -200 -200 -200 -200 -200 -200 -200 -200 -200 -200 -200 -200 -200 -200 -200 -200 -200 -200 -200 -200 -200 -200 -200 -200 -200 -200 -200 -200 -200 -200 -200 -200 -200 -200 -200 -200 -200 -200 -200 -200 -200 -200 -200 -200 -200 -200 -200 -200 -200 -200 -200 -200 -200 -200 -200 -200 -200 -200 -200 -200 -200 -200 -200 -200 -200 -200 -200 -200 -200 -200 -200 -200 -200 -200 -200 -200 -200 -200 -200 -200 -200
-200 -200 -200 -200 -200 -200 -200 -200 -200 -200 -200 -200 -200 -200 -200 -200 -200 -200 -200 -200 -200 -200 -200 -200 -200 -200 -200 -200 -200 -200 -200 -200 -200 -200 -200 -200 -200 -200 -200 -200 -200 -200 -200 -200 -200 -200 -200 -200 -200 -200 -200 -200 -200 -200 -200 -200 -200 -200 -200 -200 -200 -200 -200 -200 -200 -200 -200 -200 -200 -200 -200 -200 -200 -200 -200 -200 -200 -200 -200 -200 -200 -200 -200 -200 -200 -200 -200 -200 -200 -200 -200 -200 -200 -200 -200 -200 -200 -200
-200 -200 -200 -200 -200 -200 -200 -200 -200 -200 -200 -200 -200 -200 -200 -200 -200 -200 -200 -200 -200 -200 -200 -200 -200 -200 -200 -200 -200 -200 -200 -200 -200 -200 -200 -200 -200 -200 -200 -200 -200 -200 -200 -200 -200 -200 -200 -200 -200 -200 -200 -200 -200 -200 -200 -200 -200 -200 -200 -200 -200 -200 -200 -200 -200 -200 -200 -200 -200 -200 -200 -200 -200 -200 -200 -200 -200 -200 -200 -200 -200 -200 -200 -200 -200 -200 -200 -200 -200 -200 -200 -200 -200 -200 -200 -200 -200 -200
-200 -200 -200 -200 -200 -200 -200 -200 -200 -200 -200 -200 -200 -200 -200 -200 -200 -200 -200 -200 -200 -200 -200 -200 -200 -200 -200 -200 -200 -200 -200 -200 -200 -200 -200 -200 -200 -200 -200 -200 -200 -200 -200 -200 -200 -200 -200 -200 -200 -200 -200 -200 -200 -200 -200 -200 -200 -200 -200 -200 -200 -200 -200 -200 -200 -200 -200 -200 -200 -200 -200 -200 -200 -200 -200 -200 -200 -200 -200 -200 -200 -200 -200 -200 -200 -200 -200 -200 -200 -200 -200 -200 -200 -200 -200 -200 -200 -200
-200 -200 -200 -200 -200 -200 -200 -200 -200 -200 -200 -200 -200 -200 -200 -200 -200 -200 -200 -200 -200 -200 -200 -200 -200 -200 -200 -200 -200 -200 -200 -200 -200 -200 -200 -200 -200 -200 -200 -200 -200 -200 -200 -200 -200 -200 -200 -200 -200 -200 -200 -200 -200 -200 -200 -200 -200 -200 -200 -200 -200 -200 -200 -200 -200 -200 -200 -200 -200 -200 -200 -200 -200 -200 -200 -200 -200 -200 -200 -200 -200 -200 -200 -200 -200 -200 -200 -200 -200 -200 -200 -200 -200 -200 -200 -200 -200 -200
-200 -200 -200 -200 -200 -200 -200 -200 -200 -200 -200 -200 -200 -200 -200 -200 -200 -200 -200 -200 -200 -200 -200 -200 -200 -200 -200 -200 -200 -200 -200 -200 -200 -200 -200 -200 -200 -200 -200 -200 -200 -200 -200 -200 -200 -200 -200 -200 -200 -200 -200 -200 -200 -200 -200 -200 -200 -200 -200 -200 -200 -200 -200 -200 -200 -200 -200 -200 -200 -200 -200 -200 -200 -200 -200 -200 -200 -200 -200 -200 -200 -200 -200 -200 -200 -200 -200 -200 -200 -200 -200 -200 -200 -200 -200 -200 -200 -200
-200 -200 -200 -200 -200 -200 -200 -200 -200 -200 -200 -200 -200 -200 -200 -200 -200 -200 -200 -200 -200 -200 -200 -200 -200 -200 -200 -200 -200 -200 -200 -200 -200 -200 -200 -200 -200 -200 -200 -200 -200 -200 -200 -200 -200 -200 -200 -200 -200 -200 -200 -200 -200 -200 -200 -200 -200 -200 -200 -200 -200 -200 -200 -200 -200 -200 -200 -200 -200 -200 -200 -200 -200 -200 -200 -200 -200 -200 -200 -200 -200 -200 -200 -200 -200 -200 -200 -200 -200 -200 -200 -200 -200 -200 -200 -200 -200 -200
-200 -200 -200 -200 -200 -200 -200 -200 -200 -200 -200 -200 -200 -200 -200 -200 -200 -200 -200 -200 -200 -200 -200 -200 -200 -200 -200 -200 -200 -200 -200 -200 -200 -200 -200 -200 -200 -200 -200 -200 -200 -200 -200 -200 -200 -200 -200 -200 -200 -200 -200 -200 -200 -200 -200 -200 -200 -200 -200 -200 -200 -200 -200 -200 -200 -200 -200 -200 -200 -200 -200 -200 -200 -200 -200 -200 -200 -200 -200 -200 -200 -200 -200 -200 -200 -200 -200 -200 -200 -200 -200 -200 -200 -200 -200 -200 -200 -200
-200 -200 -200 -200 -200 -200 -200 -200 -200 -200 -200 -200 -200 -200 -200 -200 -200 -200 -200 -200 -200 -200 -200 -200 -200 -200 -200 -200 -200 -200 -200 -200 -200 -200 -200 -200 -200 -200 -200 -200 -200 -200 -200 -200 -200 -200 -200 -200 -200 -200 -200 -200 -200 -200 -200 -200 -200 -200 -200 -200 -200 -200 -200 -200 -200 -200 -200 -200 -200 -200 -200 -200 -200 -200 -200 -200 -200 -200 -200 -200 -200 -200 -200 -200 -200 -200 -200 -200 -200 -200 -200 -200 -200 -200 -200 -200 -200 -200
-200 -200 -200 -200 -200 -200 -200 -200 -200 -200 -200 -200 -200 -200 -200 -200 -200 -200 -200 -200 -200 -200 -200 -200 -200 -200 -200 -200 -200 -200 -200 -200 -200 -200 -200 -200 -200 -200 -200 -200 -200 -200 -200 -200 -200 -200 -200 -200 -200 -200 -200 -200 -200 -200 -200 -200 -200 -200 -200 -200 -200 -200 -200 -200 -200 -200 -200 -200 -200 -200 -200 -200 -200 -200 -200 -200 -200 -200 -200 -200 -200 -200 -200 -200 -200 -200 -200 -200 -200 -200 -200 -200 -200 -200 -200 -200 -200 -200
-200 -200 -200 -200 -200 -200 -200 -200 -200 -200 -200 -200 -200 -200 -200 -200 -200 -200 -200 -200 -200 -200 -200 -200 -200 -200 -200 -200 -200 -200 -200 -200 -200 -200 -200 -200 -200 -200 -200 -200 -200 -200 -200 -200 -200 -200 -200 -200 -200 -200 -200 -200 -200 -200 -200 -200 -200 -200 -200 -200 -200 -200 -200 -200 -200 -200 -200 -200 -200 -200 -200 -200 -200 -200 -200 -200 -200 -200 -200 -200 -200 -200 -200 -200 -200 -200 -200 -200 -200 -200 -200 -200 -200 -200 -200 -200 -200 -200
-200 -200 -200 -200 -200 -200 -200 -200 -200 -200 -200 -200 -200 -200 -200 -200 -200 -200 -200 -200 -200 -200 -200 -200 -200 -200 -200 -200 -200 -200 -200 -200 -200 -200 -200 -200 -200 -200 -200 -200 -200 -200 -200 -200 -200 -200 -200 -200 -200 -200 -200 -200 -200 -200 -200 -200 -200 -200 -200 -200 -200 -200 -200 -200 -200 -200 -200 -200 -200 -200 -200 -200 -200 -200 -200 -200 -200 -200 -200 -200 -200 -200 -200 -200 -200 -200 -200 -200 -200 -200 -200 -200 -200 -200 -200 -200 -200 -200
-200 -200 -200 -200 -200 -200 -200 -200 -200 -200 -200 -200 -200 -200 -200 -200 -200 -200 -200 -200 -200 -200 -200 -200 -200 -200 -200 -200 -200 -200 -200 -200 -200 -200 -200 -200 -200 -200 -200 -200 -200 -200 -200 -200 -200 -200 -200 -200 -200 -200 -200 -200 -200 -200 -200 -200 -200 -200 -200 -200 -200 -200 -200 -200 -200 -200 -200 -200 -200 -200 -200 -200 -200 -200 -200 -200 -200 -200 -200 -200 -200 -200 -200 -200 -200 -200 -200 -200 -200 -200 -200 -200 -200 -200 -200 -200 -200 -200
-200 -200 -200 -200 -200 -200 -200 -200 -200 -200 -200 -200 -200 -200 -200 -200 -200 -200 -200 -200 -200 -200 -200 -200 -200 -200 -200 -200 -200 -200 -200 -200 -200 -200 -200 -200 -200 -200 -200 -200 -200 -200 -200 -200 -200 -200 -200 -200 -200 -200 -200 -200 -200 -200 -200 -200 -200 -200 -200 -200 -200 -200 -200 -200 -200 -200 -200 -200 -200 -200 -200 -200 -200 -200 -200 -200 -200 -200 -200 -200 -200 -200 -200 -200 -200 -200 -200 -200 -200 -200 -200 -200 -200 -200 -200 -200 -200 -200
-200 -200 -200 -200 -200 -200 -200 -200 -200 -200 -200 -200 -200 -200 -200 -200 -200 -200 -200 -200 -200 -200 -200 -200 -200 -200 -200 -200 -200 -200 -200 -200 -200 -200 -200 -200 -200 -200 -200 -200 -200 -200 -200 -200 -200 -200 -200 -200 -200 -200 -200 -200 -200 -200 -200 -200 -200 -200 -200 -200 -200 -200 -200 -200 -200 -200 -200 -200 -200 -200 -200 -200 -200 -200 -200 -200 -200 -200 -200 -200 -200 -200 -200 -200 -200 -200 -200 -200 -200 -200 -200 -200 -200 -200 -200 -200 -200 -200
-200 -200 -200 -200 -200 -200 -200 -200 -200 -200 -200 -200 -200 -200 -200 -200 -200 -200 -200 -200 -200 -200 -200 -200 -200 -200 -200 -200 -200 -200 -200 -200 -200 -200 -200 -200 -200 -200 -200 -200 -200 -200 -200 -200 -200 -200 -200 -200 -200 -200 -200 -200 -200 -200 -200 -200 -200 -200 -200 -200 -200 -200 -200 -200 -200 -200 -200 -200 -200 -200 -200 -200 -200 -200 -200 -200 -200 -200 -200 -200 -200 -200 -200 -200 -200 -200 -200 -200 -200 -200 -200 -200 -200 -200 -200 -200 -200 -200
-200 -200 -200 -200 -200 -200 -200 -200 -200 -200 -200 -200 -200 -200 -200 -200 -200 -200 -200 -200 -200 -200 -200 -200 -200 -200 -200 -200 -200 -200 -200 -200 -200 -200 -200 -200 -200 -200 -200 -200 -200 -200 -200 -200 -200 -200 -200 -200 -200 -200 -200 -200 -200 -200 -200 -200 -200 -200 -200 -200 -200 -200 -200 -200 -200 -200 -200 -200 -200 -200 -200 -200 -200 -200 -200 -200 -200 -200 -200 -200 -200 -200 -200 -200 -200 -200 -200 -200 -200 -200 -200 -200 -200 -200 -200 -200 -200 -200
-200 -200 -200 -200 -200 -200 -200 -200 -200 -200 -200 -200 -200 -200 -200 -200 -200 -200 -200 -200 -200 -200 -200 -200 -200 -200 -200 -200 -200 -200 -200 -200 -200 -200 -200 -200 -200 -200 -200 -200 -200 -200 -200 -200 -200 -200 -200 -200 -200 -200 -200 -200 -200 -200 -200 -200 -200 -200 -200 -200 -200 -200 -200 -200 -200 -200 -200 -200 -200 -200 -200 -200 -200 -200 -200 -200 -200 -200 -200 -200 -200 -200 -200 -200 -200 -200 -200 -200 -200 -200 -200 -200 -200 -200 -200 -200 -200 -200
-200 -200 -200 -200 -200 -200 -200 -200 -200 -200 -200 -200 -200 -200 -200 -200 -200 -200 -200 -200 -200 -200 -200 -200 -200 -200 -200 -200 -200 -200 -200 -200 -200 -200 -200 -200 -200 -200 -200 -200 -200 -200 -200 -200 -200 -200 -200 -200 -200 -200 -200 -200 -200 -200 -200 -200 -200 -200 -200 -200 -200 -200 -200 -200 -200 -200 -200 -200 -200 -200 -200 -200 -200 -200 -200 -200 -200 -200 -200 -200 -200 -200 -200 -200 -200 -200 -200 -200 -200 -200 -200 -200 -200 -200 -200 -200 -200 -200
-200 -200 -200 -200 -200 -200 -200 -200 -200 -200 -200 -200 -200 -200 -200 -200 -200 -200 -200 -200 -200 -200 -200 -200 -200 -200 -200 -200 -200 -200 -200 -200 -200 -200 -200 -200 -200 -200 -200 -200 -200 -200 -200 -200 -200 -200 -200 -200 -200 -200 -200 -200 -200 -200 -200 -200 -200 -200 -200 -200 -200 -200 -200 -200 -200 -200 -200 -200 -200 -200 -200 -200 -200 -200 -200 -200 -200 -200 -200 -200 -200 -200 -200 -200 -200 -200 -200 -200 -200 -200 -200 -200 -200 -200 -200 -200 -200 -200
-200 -200 -200 -200 -200 -200 -200 -200 -200 -200 -200 -200 -200 -200 -200 -200 -200 -200 -200 -200 -200 -200 -200 -200 -200 -200 -200 -200 -200 -200 -200 -200 -200 -200 -200 -200 -200 -200 -200 -200 -200 -200 -200 -200 -200 -200 -200 -200 -200 -200 -200 -200 -200 -200 -200 -200 -200 -200 -200 -200 -200 -200 -200 -200 -200 -200 -200 -200 -200 -200 -200 -200 -200 -200 -200 -200 -200 -200 -200 -200 -200 -200 -200 -200 -200 -200 -200 -200 -200 -200 -200 -200 -200 -200 -200 -200 -200 -200
-200 -200 -200 -200 -200 -200 -200 -200 -200 -200 -200 -200 -200 -200 -200 -200 -200 -200 -200 -200 -200 -200 -200 -200 -200 -200 -200 -200 -200 -200 -200 -200 -200 -200 -200 -200 -200 -200 -200 -200 -200 -200 -200 -200 -200 -200 -200 -200 -200 -200 -200 -200 -200 -200 -200 -200 -200 -200 -200 -200 -200 -200 -200 -200 -200 -200 -200 -200 -200 -200 -200 -200 -200 -200 -200 -200 -200 -200 -200 -200 -200 -200 -200 -200 -200 -200 -200 -200 -200 -200 -200 -200 -200 -200 -200 -200 -200 -200
-200 -200 -200 -200 -200 -200 -200 -200 -200 -200 -200 -200 -200 -200 -200 -200 -200 -200 -200 -200 -200 -200 -200 -200 -200 -200 -200 -200 -200 -200 -200 -200 -200 -200 -200 -200 -200 -200 -200 -200 -200 -200 -200 -200 -200 -200 -200 -200 -200 -200 -200 -200 -200 -200 -200 -200 -200 -200 -200 -200 -200 -200 -200 -200 -200 -200 -200 -200 -200 -200 -200 -200 -200 -200 -200 -200 -200 -200 -200 -200 -200 -200 -200 -200 -200 -200 -200 -200 -200 -200 -200 -200 -200 -200 -200 -200 -200 -200
-200 -200 -200 -200 -200 -200 -200 -200 -200 -200 -200 -200 -200 -200 -200 -200 -200 -200 -200 -200 -200 -200 -200 -200 -200 -200 -200 -200 -200 -200 -200 -200 -200 -200 -200 -200 -200 -200 -200 -200 -200 -200 -200 -200 -200 -200 -200 -200 -200 -200 -200 -200 -200 -200 -200 -200 -200 -200 -200 -200 -200 -200 -200 -200 -200 -200 -200 -200 -200 -200 -200 -200 -200 -200 -200 -200 -200 -200 -200 -200 -200 -200 -200 -200 -200 -200 -200 -200 -200 -200 -200 -200 -200 -200 -200 -200 -200 -200
-200 -200 -200 -200 -200 -200 -200 -200 -200 -200 -200 -200 -200 -200 -200 -200 -200 -200 -200 -200 -200 -200 -200 -200 -200 -200 -200 -200 -200 -200 -200 -200 -200 -200 -200 -200 -200 -200 -200 -200 -200 -200 -200 -200 -200 -200 -200 -200 -200 -200 -200 -200 -200 -200 -200 -200 -200 -200 -200 -200 -200 -200 -200 -200 -200 -200 -200 -200 -200 -200 -200 -200 -200 -200 -200 -200 -200 -200 -200 -200 -200 -200 -200 -200 -200 -200 -200 -200 -200 -200 -200 -200 -200 -200 -200 -200 -200 -200
-200 -200 -200 -200 -200 -200 -200 -200 -200 -200 -200 -200 -200 -200 -200 -200 -200 -200 -200 -200 -200 -200 -200 -200 -200 -200 -200 -200 -200 -200 -200 -200 -200 -200 -200 -200 -200 -200 -200 -200 -200 -200 -200 -200 -200 -200 -200 -200 -200 -200 -200 -200 -200 -200 -200 -200 -200 -200 -200 -200 -200 -200 -200 -200 -200 -200 -200 -200 -200 -200 -200 -200 -200 -200 -200 -200 -200 -200 -200 -200 -200 -200 -200 -200 -200 -200 -200 -200 -200 -200 -200 -200 -200 -200 -200 -200 -200 -200
-200 -200 -200 -200 -200 -200 -200 -200 -200 -200 -200 -200 -200 -200 -200 -200 -200 -200 -200 -200 -200 -200 -200 -200 -200 -200 -200 -200 -200 -200 -200 -200 -200 -200 -200 -200 -200 -200 -200 -200 -200 -200 -200 -200 -200 -200 -200 -200 -200 -200 -200 -200 -200 -200 -200 -200 -200 -200 -200 -200 -200 -200 -200 -200 -200 -200 -200 -200 -200 -200 -200 -200 -200 -200 -200 -200 -200 -200 -200 -200 -200 -200 -200 -200 -200 -200 -200 -200 -200 -200 -200 -200 -200 -200 -200 -200 -200 -200
-200 -200 -200 -200 -200 -200 -200 -200 -200 -200 -200 -200 -200 -200 -200 -200 -200 -200 -200 -200 -200 -200 -200 -200 -200 -200 -200 -200 -200 -200 -200 -200 -200 -200 -200 -200 -200 -200 -200 -200 -200 -200 -200 -200 -200 -200 -200 -200 -200 -200 -200 -200 -200 -200 -200 -200 -200 -200 -200 -200 -200 -200 -200 -200 -200 -200 -200 -200 -200 -200 -200 -200 -200 -200 -200 -200 -200 -200 -200 -200 -200 -200 -200 -200 -200 -200 -200 -200 -200 -200 -200 -200 -200 -200 -200 -200 -200 -200
-200 -200 -200 -200 -200 -200 -200 -200 -200 -200 -200 -200 -200 -200 -200 -200 -200 -200 -200 -200 -200 -200 -200 -200 -200 -200 -200 -200 -200 -200 -200 -200 -200 -200 -200 -200 -200 -200 -200 -200 -200 -200 -200 -200 -200 -200 -200 -200 -200 -200 -200 -200 -200 -200 -200 -200 -200 -200 -200 -200 -200 -200 -200 -200 -200 -200 -200 -200 -200 -200 -200 -200 -200 -200 -200 -200 -200 -200 -200 -200 -200 -200 -200 -200 -200 -200 -200 -200 -200 -200 -200 -200 -200 -200 -200 -200 -200 -200
-200 -200 -200 -200 -200 -200 -200 -200 -200 -200 -200 -200 -200 -200 -200 -200 -200 -200 -200 -200 -200 -200 -200 -200 -200 -200 -200 -200 -200 -200 -200 -200 -200 -200 -200 -200 -200 -200 -200 -200 -200 -200 -200 -200 -200 -200 -200 -200 -200 -200 -200 -200 -200 -200 -200 -200 -200 -200 -200 -200 -200 -200 -200 -200 -200 -200 -200 -200 -200 -200 -200 -200 -200 -200 -200 -200 -200 -200 -200 -200 -200 -200 -200 -200 -200 -200 -200 -200 -200 -200 -200 -200 -200 -200 -200 -200 -200 -200
-200 -200 -200 -200 -200 -200 -200 -200 -200 -200 -200 -200 -200 -200 -200 -200 -200 -200 -200 -200 -200 -200 -200 -200 -200 -200 -200 -200 -200 -200 -200 -200 -200 -200 -200 -200 -200 -200 -200 -200 -200 -200 -200 -200 -200 -200 -200 -200 -200 -200 -200 -200 -200 -200 -200 -200 -200 -200 -200 -200 -200 -200 -200 -200 -200 -200 -200 -200 -200 -200 -200 -200 -200 -200 -200 -200 -200 -200 -200 -200 -200 -200 -200 -200 -200 -200 -200 -200 -200 -200 -200 -200 -200 -200 -200 -200 -200 -200
-200 -200 -200 -200 -200 -200 -200 -200 -200 -200 -200 -200 -200 -200 -200 -200 -200 -200 -200 -200 -200 -200 -200 -200 -200 -200 -200 -200 -200 -200 -200 -200 -200 -200 -200 -200 -200 -200 -200 -200 -200 -200 -200 -200 -200 -200 -200 -200 -200 -200 -200 -200 -200 -200 -200 -200 -200 -200 -200 -200 -200 -200 -200 -200 -200 -200 -200 -200 -200 -200 -200 -200 -200 -200 -200 -200 -200 -200 -200 -200 -200 -200 -200 -200 -200 -200 -200 -200 -200 -200 -200 -200 -200 -200 -200 -200 -200 -200
-200 -200 -200 -200 -200 -200 -200 -200 -200 -200 -200 -200 -200 -200 -200 -200 -200 -200 -200 -200 -200 -200 -200 -200 -200 -200 -200 -200 -200 -200 -200 -200 -200 -200 -200 -200 -200 -200 -200 -200 -200 -200 -200 -200 -200 -200 -200 -200 -200 -200 -200 -200 -200 -200 -200 -200 -200 -200 -200 -200 -200 -200 -200 -200 -200 -200 -200 -200 -200 -200 -200 -200 -200 -200 -200 -200 -200 -200 -200 -200 -200 -200 -200 -200 -200 -200 -200 -200 -200 -200 -200 -200 -200 -200 -200 -200 -200 -200
-200 -200 -200 -200 -200 -200 -200 -200 -200 -200 -200 -200 -200 -200 -200 -200 -200 -200 -200 -200 -200 -200 -200 -200 -200 -200 -200 -200 -200 -200 -200 -200 -200 -200 -200 -200 -200 -200 -200 -200 -200 -200 -200 -200 -200 -200 -200 -200 -200 -200 -200 -200 -200 -200 -200 -200 -200 -200 -200 -200 -200 -200 -200 -200 -200 -200 -200 -200 -200 -200 -200 -200 -200 -200 -200 -200 -200 -200 -200 -200 -200 -200 -200 -200 -200 -200 -200 -200 -200 -200 -200 -200 -200 -200 -200 -200 -200 -200
-200 -200 -200 -200 -200 -200 -200 -200 -200 -200 -200 -200 -200 -200 -200 -200 -200 -200 -200 -200 -200 -200 -200 -200 -200 -200 -200 -200 -200 -200 -200 -200 -200 -200 -200 -200 -200 -200 -200 -200 -200 -200 -200 -200 -200 -200 -200 -200 -200 -200 -200 -200 -200 -200 -200 -200 -200 -200 -200 -200 -200 -200 -200 -200 -200 -200 -200 -200 -200 -200 -200 -200 -200 -200 -200 -200 -200 -200 -200 -200 -200 -200 -200 -200 -200 -200 -200 -200 -200 -200 -200 -200 -200 -200 -200 -200 -200 -200
-200 -200 -200 -200 -200 -200 -200 -200 -200 -200 -200 -200 -200 -200 -200 -200 -200 -200 -200 -200 -200 -200 -200 -200 -200 -200 -200 -200 -200 -200 -200 -200 -200 -200 -200 -200 -200 -200 -200 -200 -200 -200 -200 -200 -200 -200 -200 -200 -200 -200 -200 -200 -200 -200 -200 -200 -200 -200 -200 -200 -200 -200 -200 -200 -200 -200 -200 -200 -200 -200 -200 -200 -200 -200 -200 -200 -200 -200 -200 -200 -200 -200 -200 -200 -200 -200 -200 -200 -200 -200 -200 -200 -200 -200 -200 -200 -200 -200
-200 -200 -200 -200 -200 -200 -200 -200 -200 -200 -200 -200 -200 -200 -200 -200 -200 -200 -200 -200 -200 -200 -200 -200 -200 -200 -200 -200 -200 -200 -200 -200 -200 -200 -200 -200 -200 -200 -200 -200 -200 -200 -200 -200 -200 -200 -200 -200 -200 -200 -200 -200 -200 -200 -200 -200 -200 -200 -200 -200 -200 -200 -200 -200 -200 -200 -200 -200 -200 -200 -200 -200 -200 -200 -200 -200 -200 -200 -200 -200 -200 -200 -200 -200 -200 -200 -200 -200 -200 -200 -200 -200 -200 -200 -200 -200 -200 -200
-200 -200 -200 -200 -200 -200 -200 -200 -200 -200 -200 -200 -200 -200 -200 -200 -200 -200 -200 -200 -200 -200 -200 -200 -200 -200 -200 -200 -200 -200 -200 -200 -200 -200 -200 -200 -200 -200 -200 -200 -200 -200 -200 -200 -200 -200 -200 -200 -200 -200 -200 -200 -200 -200 -200 -200 -200 -200 -200 -200 -200 -200 -200 -200 -200 -200 -200 -200 -200 -200 -200 -200 -200 -200 -200 -200 -200 -200 -200 -200 -200 -200 -200 -200 -200 -200 -200 -200 -200 -200 -200 -200 -200 -200 -200 -200 -200 -200
-200 -200 -200 -200 -200 -200 -200 -200 -200 -200 -200 -200 -200 -200 -200 -200 -200 -200 -200 -200 -200 -200 -200 -200 -200 -200 -200 -200 -200 -200 -200 -200 -200 -200 -200 -200 -200 -200 -200 -200 -200 -200 -200 -200 -200 -200 -200 -200 -200 -200 -200 -200 -200 -200 -200 -200 -200 -200 -200 -200 -200 -200 -200 -200 -200 -200 -200 -200 -200 -200 -200 -200 -200 -200 -200 -200 -200 -200 -200 -200 -200 -200 -200 -200 -200 -200 -200 -200 -200 -200 -200 -200 -200 -200 -200 -200 -200 -200
-200 -200 -200 -200 -200 -200 -200 -200 -200 -200 -200 -200 -200 -200 -200 -200 -200 -200 -200 -200 -200 -200 -200 -200 -200 -200 -200 -200 -200 -200 -200 -200 -200 -200 -200 -200 -200 -200 -200 -200 -200 -200 -200 -200 -200 -200 -200 -200 -200 -200 -200 -200 -200 -200 -200 -200 -200 -200 -200 -200 -200 -200 -200 -200 -200 -200 -200 -200 -200 -200 -200 -200 -200 -200 -200 -200 -200 -200 -200 -200 -200 -200 -200 -200 -200 -200 -200 -200 -200 -200 -200 -200 -200 -200 -200 -200 -200 -200
-200 -200 -200 -200 -200 -200 -200 -200 -200 -200 -200 -200 -200 -200 -200 -200 -200 -200 -200 -200 -200 -200 -200 -200 -200 -200 -200 -200 -200 -200 -200 -200 -200 -200 -200 -200 -200 -200 -200 -200 -200 -200 -200 -200 -200 -200 -200 -200 -200 -200 -200 -200 -200 -200 -200 -200 -200 -200 -200 -200 -200 -200 -200 -200 -200 -200 -200 -200 -200 -200 -200 -200 -200 -200 -200 -200 -200 -200 -200 -200 -200 -200 -200 -200 -200 -200 -200 -200 -200 -200 -200 -200 -200 -200 -200 -200 -200 -200
-200 -200 -200 -200 -200 -200 -200 -200 -200 -200 -200 -200 -200 -200 -200 -200 -200 -200 -200 -200 -200 -200 -200 -200 -200 -200 -200 -200 -200 -200 -200 -200 -200 -200 -200 -200 -200 -200 -200 -200 -200 -200 -200 -200 -200 -200 -200 -200 -200 -200 -200 -200 -200 -200 -200 -200 -200 -200 -200 -200 -200 -200 -200 -200 -200 -200 -200 -200 -200 -200 -200 -200 -200 -200 -200 -200 -200 -200 -200 -200 -200 -200 -200 -200 -200 -200 -200 -200 -200 -200 -200 -200 -200 -200 -200 -200 -200 -200
-200 -200 -200 -200 -200 -200 -200 -200 -200 -200 -200 -200 -200 -200 -200 -200 -200 -200 -200 -200 -200 -200 -200 -200 -200 -200 -200 -200 -200 -200 -200 -200 -200 -200 -200 -200 -200 -200 -200 -200 -200 -200 -200 -200 -200 -200 -200 -200 -200 -200 -200 -200 -200 -200 -200 -200 -200 -200 -200 -200 -200 -200 -200 -200 -200 -200 -200 -200 -200 -200 -200 -200 -200 -200 -200 -200 -200 -200 -200 -200 -200 -200 -200 -200 -200 -200 -200 -200 -200 -200 -200 -200 -200 -200 -200 -200 -200 -200
-200 -200 -200 -200 -200 -200 -200 -200 -200 -200 -200 -200 -200 -200 -200 -200 -200 -200 -200 -200 -200 -200 -200 -200 -200 -200 -200 -200 -200 -200 -200 -200 -200 -200 -200 -200 -200 -200 -200 -200 -200 -200 -200 -200 -200 -200 -200 -200 -200 -200 -200 -200 -200 -200 -200 -200 -200 -200 -200 -200 -200 -200 -200 -200 -200 -200 -200 -200 -200 -200 -200 -200 -200 -200 -200 -200 -200 -200 -200 -200 -200 -200 -200 -200 -200 -200 -200 -200 -200 -200 -200 -200 -200 -200 -200 -200 -200 -200
-200 -200 -200 -200 -200 -200 -200 -200 -200 -200 -200 -200 -200 -200 -200 -200 -200 -200 -200 -200 -200 -200 -200 -200 -200 -200 -200 -200 -200 -200 -200 -200 -200 -200 -200 -200 -200 -200 -200 -200 -200 -200 -200 -200 -200 -200 -200 -200 -200 -200 -200 -200 -200 -200 -200 -200 -200 -200 -200 -200 -200 -200 -200 -200 -200 -200 -200 -200 -200 -200 -200 -200 -200 -200 -200 -200 -200 -200 -200 -200 -200 -200 -200 -200 -200 -200 -200 -200 -200 -200 -200 -200 -200 -200 -200 -200 -200 -200
-200 -200 -200 -200 -200 -200 -200 -200 -200 -200 -200 -200 -200 -200 -200 -200 -200 -200 -200 -200 -200 -200 -200 -200 -200 -200 -200 -200 -200 -200 -200 -200 -200 -200 -200 -200 -200 -200 -200 -200 -200 -200 -200 -200 -200 -200 -200 -200 -200 -200 -200 -200 -200 -200 -200 -200 -200 -200 -200 -200 -200 -200 -200 -200 -200 -200 -200 -200 -200 -200 -200 -200 -200 -200 -200 -200 -200 -200 -200 -200 -200 -200 -200 -200 -200 -200 -200 -200 -200 -200 -200 -200 -200 -200 -200 -200 -200 -200
-200 -200 -200 -200 -200 -200 -200 -200 -200 -200 -200 -200 -200 -200 -200 -200 -200 -200 -200 -200 -200 -200 -200 -200 -200 -200 -200 -200 -200 -200 -200 -200 -200 -200 -200 -200 -200 -200 -200 -200 -200 -200 -200 -200 -200 -200 -200 -200 -200 -200 -200 -200 -200 -200 -200 -200 -200 -200 -200 -200 -200 -200 -200 -200 -200 -200 -200 -200 -200 -200 -200 -200 -200 -200 -200 -200 -200 -200 -200 -200 -200 -200 -200 -200 -200 -200 -200 -200 -200 -200 -200 -200 -200 -200 -200 -200 -200 -200
