913 92 2 179
134 -200 200 -177 -195 58 158 22 -82 0 0 28 18 1 58 44 200 200 37 161 156 -200 -59 0 -67 13 94 -11 -200 -105 -200 -131 -200 -31 200 -157 78 -17 -56 24 44 -112 47 -7 200 42 0 200 100 159 0 0 -19 52 195 136 0 23 32 9 -147 61 -103 107 -200 189 200 -62 -70 -21 -117 -115 -56 121 200 200 -3 17 -77 -173 0 -176 171 28 43 118 69 -72 -200 12 151 200
-200 -200 -180 -120 -26 75 200 144 -165 -200 -22 -48 27 176 -200 162 -200 -136 153 200 0 -63 -46 169 -120 57 200 134 0 -128 -200 -35 -71 128 200 131 -23 0 59 -25 -40 -149 200 4 -115 -77 -75 200 172 -66 -176 82 -128 200 200 10 -176 186 -27 0 200 -172 -200 57 137 0 51 198 -137 98 0 44 165 -161 101 -48 0 -100 -163 -185 58 200 -43 64 0 191 61 24 -16 140 72 -134
138 200 0 168 139 200 110 178 125 176 -39 -200 0 184 -52 156 92 -124 -58 121 -200 -144 -200 200 71 -103 22 -131 -108 0 138 200 -41 -200 0 0 200 144 -8 65 -194 82 -60 116 -45 -38 -49 129 56 -125 200 75 -46 -200 49 -122 200 0 193 -176 -187 -200 112 -200 104 151 198 0 -62 0 0 -156 -48 -59 -46 -38 12 200 -200 32 -30 -200 -139 153 200 -136 -104 186 94 -29 -131 14
-133 -147 -64 75 -158 -34 -200 200 48 -8 200 -181 -166 200 -176 -97 193 -151 -200 32 -200 115 -58 -200 99 79 98 -162 -95 -70 -200 21 200 0 -180 151 165 -117 0 6 127 0 123 160 -152 0 -44 -123 200 -170 156 -139 200 -197 132 -65 65 40 200 38 -179 -63 -195 11 -1 136 200 34 95 158 113 160 0 200 129 78 111 -125 -97 200 182 -162 -46 -35 31 74 -94 -172 85 -160 46 -91
-11 -14 200 112 -85 0 26 88 8 0 112 188 12 112 0 200 101 -191 128 93 -199 -200 139 0 -5 155 44 -200 -66 200 0 -86 -29 34 -23 75 42 134 0 -161 154 -65 114 -52 29 -65 158 -169 -175 -189 -38 -200 16 -23 6 -200 200 71 -158 -114 119 -58 -43 -89 87 -200 88 80 31 101 200 0 0 -10 -9 114 200 -161 -89 149 32 -106 200 -14 -137 124 22 -108 107 200 175 -120
-200 162 0 35 200 -76 200 -88 150 199 165 -200 200 136 -175 166 191 -200 -7 194 -62 24 200 -200 0 -200 48 200 0 -105 74 -200 -34 115 -89 -83 -52 -127 130 -50 -166 200 144 200 74 -200 0 -13 -200 -200 -8 -11 5 12 0 200 179 0 -75 -200 111 182 -102 -200 -20 30 200 200 0 -112 124 189 12 35 -136 -109 -200 45 38 25 200 29 151 29 24 107 -122 -8 37 -11 107 78
4 -39 169 -89 200 -114 -45 -177 0 -69 -120 -200 -143 0 180 200 -49 -200 200 200 -57 -46 -66 105 -92 31 118 176 0 99 30 -200 -41 -153 -91 139 -130 88 143 0 -59 200 -200 51 135 4 94 -200 46 -49 -196 191 23 0 164 25 68 -200 200 200 42 137 200 34 -200 -185 -190 200 180 -187 -21 200 -200 -134 115 52 -98 200 87 -80 -176 158 0 81 -165 24 -191 -146 -29 -131 200 177
200 -86 -45 -200 0 -99 200 -53 0 51 200 95 -139 -46 193 87 131 11 -200 -200 184 -81 -200 176 -200 -65 77 -99 141 -50 -85 -86 200 -166 -44 150 -200 -72 200 -119 0 -200 -104 16 200 200 -200 147 0 200 -200 -196 30 7 200 192 115 -68 190 -176 114 200 72 -200 0 -168 78 53 -99 46 -142 200 -172 -15 -82 57 160 200 -81 0 88 -200 179 111 39 -75 0 -47 -37 0 -101 194
-48 -200 0 -151 34 -189 -47 -138 200 24 0 -142 -187 82 -200 -200 200 25 -30 -112 80 -77 -52 -93 127 -106 -195 69 0 -103 -6 0 0 5 -176 7 -20 50 -1 -13 -200 -174 -35 124 200 -100 -10 144 -181 -200 110 -141 -105 -84 138 70 200 -157 157 200 -76 115 109 0 -184 31 43 56 31 192 76 93 -113 0 -131 15 62 -184 -62 -126 -199 103 -65 200 -81 -136 123 35 196 0 57 165
20 190 91 144 -89 134 191 118 200 -160 82 -124 -71 111 -200 -38 -200 127 88 162 26 115 144 122 -33 120 81 -86 0 -74 75 -61 18 182 -200 55 200 -200 -106 0 -22 50 -127 66 74 166 -106 -142 -200 99 -90 132 -106 -200 -116 -200 63 -82 36 151 37 23 32 -200 0 54 -200 0 -116 0 88 44 32 -73 -188 -82 -47 -161 112 46 -200 -162 -79 -151 0 -158 73 200 -189 -153 -200 -172
86 -200 0 -160 -164 -198 -28 62 -58 48 40 0 0 -145 189 -178 122 75 28 185 -97 107 -9 0 -200 192 -189 200 0 -179 -112 -72 89 -187 -200 -174 200 0 84 0 -158 8 -119 -187 200 -199 63 82 149 61 -53 117 167 118 50 19 41 -194 51 95 200 -200 -24 111 89 2 168 194 115 144 0 153 184 97 -15 29 -39 -36 192 -31 -200 -165 -5 175 -93 200 -200 -101 35 4 181 -99
-154 -200 200 12 -31 160 -54 -84 -142 -127 -17 -167 96 200 200 200 -94 14 -163 0 0 103 -174 158 200 -48 -42 -5 200 -200 0 200 -136 200 -78 131 29 -92 38 -36 -32 4 -73 55 107 50 -154 -62 200 200 -121 13 -162 -171 -200 -191 -54 -9 100 -72 161 -125 -200 131 83 55 -37 165 0 119 200 -180 200 0 -173 -178 -200 -112 -69 0 50 -64 -200 200 -142 200 -7 -57 187 4 48 -168
0 -93 56 88 188 100 -66 -103 200 165 -54 -168 -117 121 150 8 2 105 -200 -200 -69 0 -200 0 -143 200 0 -200 186 200 -32 131 0 83 -196 -67 -178 0 39 200 -183 52 177 -200 -122 -97 -153 0 -200 -200 -105 200 130 24 -102 -92 18 -173 13 -189 -104 -4 -53 -5 0 -49 3 34 -145 200 0 200 77 131 42 -200 -161 -120 153 -200 74 53 191 54 200 -158 0 122 122 -177 200 196
-4 -90 148 -21 -200 7 -200 47 -188 -4 -83 -184 -200 -14 66 -2 0 -200 120 142 200 53 11 -200 88 -200 -200 -148 39 -97 200 103 2 0 -51 -63 19 -95 -91 152 -27 135 -39 -200 20 197 -125 -164 0 199 181 29 -34 -11 -129 88 0 124 75 50 -162 68 0 85 200 -51 -110 200 66 138 -200 0 -82 -65 -48 -25 -155 65 119 0 180 78 109 -37 -10 -55 134 -73 -65 8 84 -151
-200 -200 115 184 -67 124 200 82 -22 28 -104 34 200 49 172 132 194 -5 19 -159 -173 0 -92 -153 85 0 -188 153 -78 57 75 0 -177 -156 -200 0 0 -115 6 0 200 133 200 -106 56 188 0 0 -149 200 0 -62 -22 -200 -188 96 112 0 200 99 -126 40 200 0 -93 15 167 7 132 -200 99 -200 124 4 -27 -5 -50 -200 200 171 28 -200 -48 172 -119 20 -114 27 200 -161 -33 -120
-199 -26 200 200 107 0 72 -183 200 -24 -143 58 -167 -191 187 -37 30 200 -51 198 -200 -120 -121 181 -28 -200 -200 -151 -200 82 179 -131 -121 -33 -122 -200 -60 14 30 -199 0 3 -200 -200 -200 158 -188 0 166 -37 125 130 163 -183 37 200 80 -200 -137 -123 104 -33 -129 -147 43 -180 0 0 -95 51 0 -149 -189 -103 72 0 9 -200 -200 -43 -43 0 153 175 82 123 0 0 160 -51 -110 -42
-200 -12 0 -185 -200 -25 -93 200 -115 -161 -21 -146 -69 -52 60 142 0 0 63 0 69 -169 182 -85 0 -158 -131 200 200 200 -200 0 -93 150 -138 88 -122 -31 -17 0 104 170 43 200 47 -200 109 -200 159 56 63 -175 0 -143 -200 -146 200 193 -88 200 -179 104 200 -3 200 -200 158 -136 104 -195 -113 -115 -47 194 0 -56 -51 -200 103 -189 0 -128 -54 -200 1 195 0 200 -21 16 200 200
-82 200 -149 71 -200 -140 -153 174 111 -33 0 177 200 3 -81 90 -180 -54 -200 -57 -193 167 -82 59 136 -93 -174 -102 83 -200 -54 -158 -158 0 0 -67 -91 179 -180 122 -27 188 -138 -174 200 -90 145 -156 127 0 -122 -91 -114 143 36 63 -91 190 -187 0 153 -92 -60 -72 144 200 105 121 -200 -155 -58 0 50 52 164 -118 -155 -27 -57 200 -92 124 163 -200 -159 118 0 -200 148 48 0 0
200 200 200 -70 146 125 -53 0 -15 -162 0 150 -12 -42 123 -13 0 181 -159 59 -11 -200 200 200 78 55 0 112 0 0 -15 -78 61 139 -200 92 -194 -19 0 -79 0 0 -200 -113 -35 0 -44 -128 200 -85 198 -200 -89 -127 182 -51 4 200 -106 -179 -157 200 103 99 190 79 105 183 18 -29 200 157 31 200 -59 136 -10 -151 18 -10 -130 -36 -71 39 157 170 0 0 90 -140 -21 88
38 -76 -200 -138 171 -200 -7 -76 17 -200 -137 103 0 -200 200 99 119 0 169 43 -109 -93 -18 -99 -8 136 0 0 148 -78 187 156 -6 -190 -200 104 -7 31 -122 200 -33 -64 99 -156 -60 -200 151 0 159 -170 200 -148 200 -57 110 64 200 152 -200 0 186 198 200 -200 -200 145 178 -97 -187 -112 146 -163 -200 -83 -85 -181 -133 -170 97 105 9 1 0 170 -166 -49 95 -78 99 200 36 21
0 -200 139 -10 -125 184 -136 -151 12 -111 101 -128 200 -92 183 -124 -15 200 -179 107 -70 173 122 -38 81 -106 22 47 -189 52 -149 -121 200 -142 30 40 -120 1 -140 200 28 124 -137 -200 -190 -200 -167 197 0 -112 0 66 76 50 182 -183 200 0 185 -158 -34 0 -144 -162 -35 -16 -132 -106 -191 107 -38 0 -29 106 -14 0 175 -107 107 66 0 200 198 0 -78 -200 200 200 200 111 129 0
200 -40 -200 -59 200 0 200 -118 0 -200 200 -200 34 132 -156 136 84 44 -105 -59 -98 0 199 -139 108 2 14 173 -32 149 63 -55 78 0 0 -81 146 -200 25 -73 200 -150 -15 -39 50 -32 -200 -30 86 -131 157 -13 -118 200 139 -173 151 0 200 -37 200 176 0 0 149 138 -200 200 -154 -29 -57 -168 58 101 200 -200 42 80 200 23 138 116 -200 -157 56 -200 -155 -103 200 -200 200 107
-200 -32 0 96 158 200 -149 73 188 160 -118 -83 -200 -200 0 0 54 -8 -9 -39 -148 -124 16 -153 0 -47 -181 51 0 142 200 0 200 -109 126 -117 0 -110 -142 161 57 -9 124 -197 -17 0 53 -172 -90 125 -73 -83 140 25 -124 -200 153 -184 -200 -66 -119 198 74 -200 0 -200 6 0 0 -200 -179 -5 45 200 -73 -108 -84 105 0 71 60 -200 -200 182 200 5 0 -200 200 0 175 200
200 -200 -88 -152 -25 53 44 -60 -12 200 200 -119 0 120 168 91 174 -36 104 125 -200 -116 0 1 -154 -89 135 -103 200 -10 138 -32 -129 0 4 -67 115 69 -173 169 93 -129 -164 200 86 -200 184 -151 0 0 59 37 200 -170 58 193 155 79 0 175 14 150 -200 186 70 -142 -200 135 81 0 102 168 165 -200 -200 0 -116 200 -49 85 198 177 -58 7 -48 0 10 173 60 143 -200 31
200 -180 -6 13 121 -200 128 0 17 0 -200 -192 63 -44 -23 104 74 59 18 200 -26 0 40 0 0 161 -196 -101 -55 200 -126 200 -121 -200 200 200 200 181 -200 -152 180 0 -76 -200 132 0 -160 164 67 24 54 -79 -112 -200 200 107 -119 200 99 -38 -88 200 -83 -182 -86 -197 -200 108 -160 0 200 0 77 161 -88 3 -200 25 164 52 43 15 200 142 -113 0 -200 139 -200 9 0 10
200 121 12 96 148 0 -200 79 -2 -200 44 -164 0 -61 200 41 0 35 -88 -188 -184 7 -192 0 -23 -137 184 -200 -14 80 172 200 94 164 197 50 66 200 0 0 -155 -194 -176 156 164 -130 -164 -200 -200 200 -73 -35 -27 86 -173 115 -74 -101 -195 -135 58 200 -27 0 0 193 -101 166 -144 200 -95 30 -107 107 -59 -200 33 6 -185 142 200 102 173 -18 -47 200 -200 67 137 -200 102 -78
-193 15 33 -161 200 -183 75 200 200 40 154 158 -8 30 -27 -85 158 0 68 14 -65 -166 -200 122 -182 -97 -32 3 -200 60 113 143 91 0 -37 118 -200 18 -200 105 168 44 -66 -80 167 0 -9 78 -37 -172 -200 52 119 -12 -67 -195 -49 -124 0 60 151 166 9 -35 49 -65 160 19 56 200 200 -77 142 200 -114 -86 -126 0 200 70 61 58 131 192 124 192 -31 10 200 44 117 143
-76 -200 -51 41 -50 0 -179 183 -200 65 152 -131 -148 -200 72 -125 186 15 200 36 179 -149 89 151 200 -90 -145 200 -33 -45 -87 136 200 -200 28 -56 -172 51 -200 -105 9 200 -94 200 -116 -187 200 200 162 -58 0 166 -107 -98 47 -133 95 -86 -70 134 170 97 114 -200 24 183 -178 46 -91 0 200 112 -48 0 200 29 -147 81 -186 -200 0 0 -78 102 -200 200 -200 -97 -169 -200 86 -50
119 185 -10 -67 194 200 178 200 105 -131 166 66 -189 -56 -69 -90 154 125 -200 8 135 -21 148 61 200 57 -25 200 -154 -49 200 -120 17 9 200 -26 -200 139 -24 189 0 0 -19 0 0 -200 128 3 24 200 0 -200 168 -24 200 -200 73 200 133 178 131 -155 -187 105 181 -81 85 -71 -200 -35 -52 4 0 -4 167 200 58 -110 -53 0 -89 -101 -30 0 106 72 -81 -9 -200 145 -200 -2
200 -50 -185 15 7 168 -13 135 -36 -111 94 53 -200 -132 0 61 110 23 -170 -5 -143 70 -200 174 161 165 84 48 0 -141 -3 -175 200 -165 -116 -37 200 -200 -148 -115 -15 -150 -176 -200 200 -17 63 -200 -24 -3 200 -111 125 -8 81 197 1 -200 200 45 71 -186 -25 0 -129 17 -42 -150 -183 -74 153 148 -88 0 57 200 10 -23 169 103 -3 -200 -200 -134 -39 100 200 -119 -147 200 10 102
-200 -106 200 20 63 -81 200 200 200 -92 58 197 -199 -129 -44 -38 -159 -49 -20 -99 -118 -200 -193 -93 -11 83 133 -200 -131 109 0 150 -113 -32 19 188 -152 -134 190 -200 200 189 20 0 200 -12 -125 -164 -131 200 -107 164 -33 100 -132 -54 -12 200 -198 -119 0 200 -200 -100 83 -191 1 -20 139 171 -200 -109 200 44 0 0 0 26 121 -1 -181 -150 4 0 -8 57 164 0 59 -150 0 -160
183 -134 156 47 200 -22 200 -200 128 111 -66 -74 -77 200 20 26 42 -158 -115 0 75 67 0 -51 -136 -110 -200 -35 5 -152 3 113 200 58 -200 145 -192 0 -98 148 126 134 -158 -200 -200 -11 170 43 197 25 -200 -103 43 0 -94 -71 138 -29 -103 -168 4 -55 -87 -48 0 -68 200 197 -177 155 0 2 -70 196 200 77 164 -77 59 -65 -146 -175 -39 -200 -200 200 -200 200 12 -10 200 159
-200 0 -61 -30 200 -200 123 -38 91 200 0 -200 27 0 -70 -177 18 0 -30 45 -146 0 162 149 125 200 -200 103 106 -111 129 -121 7 -89 110 169 -104 -193 -37 32 137 200 22 -79 200 77 -192 124 -115 -31 -136 -11 11 148 -52 -105 121 164 73 -170 -28 -160 -75 200 -53 -107 190 65 -2 -200 0 154 200 -82 0 176 0 200 161 0 0 0 -164 139 -200 14 76 -114 -130 -155 24 -200
6 -73 -50 -126 0 51 81 29 -60 154 -15 142 -155 51 -59 200 -58 20 67 -109 -78 -159 -185 68 -130 -124 22 -16 -129 -92 61 -133 200 -100 178 -200 -197 0 149 -200 145 -78 -43 200 200 0 -200 -71 0 -74 -4 -200 159 -134 121 200 -181 0 171 -7 0 144 -183 0 0 145 -144 150 165 200 197 122 200 -32 41 176 153 -89 186 -200 -115 -190 200 55 -49 152 116 58 -153 -181 82 -74
200 121 -200 200 154 58 200 -200 0 -109 200 0 -21 0 182 150 -33 -4 -109 56 -161 -110 -200 170 165 -10 -120 -43 200 10 8 151 96 -162 97 -84 169 75 122 4 -80 -20 -106 -200 -29 -53 159 93 8 0 -12 -200 -55 -82 200 41 57 0 92 200 126 -200 75 0 -153 -19 -16 134 -52 -154 -23 -200 11 -43 -87 -24 -118 0 158 63 200 0 -170 -61 200 -55 179 90 57 9 62 126
54 -89 -66 141 0 0 -94 200 -138 -8 -200 -200 -197 0 0 0 -200 -65 -200 200 -75 -200 118 -18 -131 70 -80 200 -1 -199 102 -55 -45 171 108 200 -167 -48 148 -35 -200 137 -200 0 -157 173 -63 185 -22 125 0 200 -175 -37 200 38 -193 31 41 -104 -62 0 66 0 111 -191 66 146 107 101 10 0 -33 53 100 63 47 -51 0 -131 -200 -132 -72 155 -83 -70 -15 200 -200 -58 -30 82
0 172 -146 -77 37 -200 -200 -121 176 17 -40 76 146 161 0 171 55 154 -64 0 -143 0 136 -166 200 39 162 0 -16 113 116 0 27 200 -61 200 90 -86 -200 9 13 190 176 -16 20 91 197 78 71 -200 166 124 13 57 51 -200 -54 -200 158 174 -178 32 0 -142 -200 10 0 117 -59 -133 34 -170 200 148 -149 -127 -109 200 -28 -200 -59 140 0 0 -40 44 -101 18 48 155 131 66
-86 0 -162 200 77 0 68 25 191 144 65 0 -57 87 147 0 0 -160 63 -19 200 -200 88 197 -146 14 35 73 0 -200 183 -200 -123 0 159 -150 200 0 -168 33 160 0 0 -47 -48 113 200 200 0 183 38 79 -82 149 -159 -183 -134 -68 -200 -8 -47 -200 -164 157 -182 -200 153 -165 14 -37 -68 44 37 162 -172 0 11 -151 118 -181 82 200 -124 106 -41 65 -128 0 0 -200 -25 -65
0 -98 -167 -200 -200 200 -200 -200 -128 200 200 0 -23 104 -2 -168 -163 200 -194 83 59 -140 0 -194 -185 107 -200 0 -190 -200 -82 -153 114 200 0 -15 0 200 61 195 -180 -184 0 -188 0 -51 0 -36 178 200 -134 -63 -200 200 128 -145 -192 -108 79 -79 0 -119 -101 200 200 109 200 -12 -118 -105 107 200 -200 26 -109 22 169 -176 -62 -39 200 97 0 0 0 120 -128 200 -11 200 152 -63
-163 -122 -19 -95 -107 -200 149 75 59 48 0 186 -28 200 -200 -133 92 0 0 31 137 151 115 200 -30 104 46 -52 -200 73 0 -109 200 -103 63 -169 -200 53 200 -53 -57 200 -189 -168 60 -76 178 -65 -200 133 -101 0 159 -200 -184 -200 -57 57 -115 0 -120 -71 200 77 16 -200 108 89 103 141 182 -200 155 -180 200 -159 -200 -34 200 90 126 -100 16 -183 -65 -153 -109 -77 -182 0 200 -18
13 95 -3 136 200 200 3 115 -193 80 200 120 200 -200 -161 -182 88 -78 0 45 200 -89 -23 200 180 -80 -138 1 189 153 -134 -137 -102 0 -148 -46 -200 -53 101 -200 -113 97 98 -113 -200 -78 -55 198 151 59 0 33 -103 93 -175 -29 0 200 2 134 81 179 64 -200 95 -200 86 -100 80 170 23 -13 0 -98 -200 -145 58 200 -58 172 -19 -200 49 0 200 -180 -153 -118 -180 161 91 95
178 0 135 0 -45 -62 100 58 -200 0 0 168 -93 82 126 11 -36 -2 8 55 -177 -16 200 85 -125 20 -7 -119 200 200 -166 3 135 200 89 100 92 67 200 70 142 154 -33 -148 104 -183 -168 -67 -15 -146 -200 0 122 39 126 -200 73 -176 8 -200 200 139 -26 200 3 -200 -162 200 -200 -132 59 200 15 -50 0 -200 0 72 23 41 -40 0 -25 165 0 -35 -83 -170 -84 -71 -200 96
-200 186 3 -197 -200 200 11 -190 -45 200 -181 157 193 72 0 189 0 200 -153 -39 -87 89 200 -200 138 200 -69 -191 -65 -200 -80 0 75 98 -8 -164 -200 -49 134 196 -84 200 -176 -200 68 0 200 29 -82 16 200 -200 -200 200 -126 -97 -125 0 -32 200 140 -200 -200 43 58 -194 49 -49 17 -20 82 0 -192 33 21 36 -41 -137 -192 -200 -49 -107 -162 -78 46 -32 -156 -106 -177 -131 70 -83
108 -52 -100 184 -193 139 157 8 197 -174 19 -128 8 -200 -23 -159 -130 135 75 -98 -196 88 18 -159 127 0 56 -6 200 0 86 0 0 111 0 200 -15 200 -67 200 53 -150 187 -14 89 14 0 82 -82 -126 -85 -200 0 -115 25 156 -159 199 122 -200 153 -52 200 0 84 129 -74 -200 -111 95 122 174 171 -200 -43 113 -38 187 -165 0 -49 -171 -82 64 -42 -3 109 -200 80 0 0 -99
-200 -113 169 200 22 200 -161 0 -200 -19 -90 0 -6 11 200 200 -167 -185 68 -157 -78 121 -174 0 104 194 -65 172 89 0 153 164 -139 200 -163 0 200 -65 128 23 -151 37 -24 43 200 200 -6 0 93 -128 56 101 80 -18 29 -200 0 -166 173 157 0 200 -125 -151 -5 -75 -48 78 133 -80 120 -61 14 -116 -200 -130 0 -88 -1 15 193 125 57 0 200 152 2 0 112 -164 60 -119
-200 -200 0 47 -85 68 -164 -50 105 200 -153 0 -36 -200 -121 0 -159 -92 -89 151 200 -19 -50 199 200 -175 -6 102 0 94 -27 -71 0 200 62 -36 42 -173 -150 179 102 132 0 -56 -200 23 -200 -103 148 -3 -181 0 -102 122 155 -179 0 -53 200 0 200 -69 141 -147 -116 -22 -189 118 -200 165 -183 164 -103 0 -75 200 32 200 0 -115 98 -200 48 -146 -57 -27 -141 -89 43 0 153 -180
-155 70 158 -144 77 10 197 -186 102 -200 92 -137 200 -147 35 -95 -4 -101 -177 -68 200 -200 -77 200 0 -1 -156 200 92 -105 137 -153 48 27 0 -61 158 200 -122 23 -26 15 33 -200 -65 105 -64 -70 -197 200 176 -123 0 167 0 -169 -7 -200 153 -146 22 98 -44 0 154 -70 100 -50 -200 155 -200 -79 88 101 200 -96 17 -121 -155 -23 69 186 22 0 -48 -158 192 72 158 200 -30 -123
200 0 171 0 87 200 -153 -9 16 0 7 0 56 200 -6 200 33 200 158 -154 -79 133 114 -173 -179 200 200 0 75 -62 -50 182 -26 0 200 -130 188 -200 -83 0 -146 -200 -47 114 200 -102 -87 200 -42 -21 -155 4 43 -177 -135 -126 91 -24 64 -48 -91 117 32 -167 23 -193 0 200 200 -184 -160 142 0 147 38 -200 17 46 7 -27 -34 -158 -200 -149 66 106 108 0 -156 107 -174 32
148 200 187 30 -63 -200 -129 -37 18 0 -200 200 0 0 200 -18 130 82 23 -34 -200 72 200 200 0 -159 108 200 91 -93 182 200 -200 -200 101 173 0 15 1 -42 179 -39 200 -137 -200 -52 152 135 -99 -152 21 -200 -165 0 174 -3 -94 129 -200 185 -118 0 -66 137 -91 72 -176 -103 55 0 0 0 88 -81 -30 -200 -200 -14 -32 6 200 -52 200 -8 133 31 -121 -188 -47 53 -184 -29
1 -126 -7 200 -31 -80 -200 51 -49 200 17 170 0 0 -184 200 89 164 -189 -84 199 0 110 178 -85 200 -112 0 -128 -200 184 200 186 200 200 -200 -148 172 200 105 166 -178 -69 -174 -200 0 -76 -146 -173 -85 -139 -199 -95 198 -27 -144 -118 200 -120 -174 168 150 -118 14 8 127 90 18 199 -28 -198 -145 -34 -192 -200 -200 -52 200 129 88 48 -101 91 -117 -69 -69 95 200 -2 64 73 -137
0 -120 0 177 150 -111 17 0 0 -37 -59 190 -169 -8 39 98 -44 -59 -65 -149 0 40 -107 200 6 200 200 25 -200 -80 -154 -52 200 -64 -200 -200 186 -67 37 115 200 -188 -199 -192 0 -121 104 -87 178 -195 3 -91 -89 -200 -200 110 46 -37 0 0 106 67 200 42 200 -168 95 117 5 200 0 -159 124 78 200 0 -36 -162 138 23 -8 0 68 191 -66 -98 0 -53 -85 -131 -176 29
-185 200 -160 -78 -200 -14 -79 -106 200 183 -167 -174 -30 21 180 91 -103 100 28 71 16 0 -200 63 -108 -150 176 200 200 124 0 -200 -84 47 -162 200 -89 -107 186 -104 -115 0 -51 67 113 169 -145 200 -20 -47 -92 -200 -13 -194 172 0 42 133 10 -104 -123 165 0 0 -117 27 -55 76 -155 -116 -162 -200 -23 -79 -200 176 -2 -200 194 108 -7 0 22 -135 153 0 0 -163 -200 -200 3 122
170 -159 143 -88 0 145 -123 200 93 -200 -60 0 -92 -8 -191 0 -94 0 200 0 200 -196 -61 70 50 -196 200 -12 200 37 -17 200 12 -116 19 -142 105 200 -107 189 -37 -152 75 15 0 177 -54 -176 176 200 -22 -73 -200 -23 -45 -183 0 -144 175 200 195 -65 126 -77 -106 -188 24 134 82 200 -158 -158 91 123 190 131 -27 9 34 0 176 180 -49 -200 -130 200 63 -8 -119 0 -96 51
65 153 136 4 182 200 -152 200 -183 -126 144 -60 106 -184 -73 153 21 127 -200 -19 -167 0 30 -11 173 -7 -200 0 200 81 146 -173 -200 -156 -102 -145 -29 191 0 -6 -200 96 -8 -141 0 197 -200 -161 148 0 200 200 -145 4 74 78 -40 -147 200 0 200 -18 -163 -62 -196 134 -170 -200 88 -47 -76 -180 0 149 47 -200 -7 0 119 -200 60 -119 -195 -21 164 -72 187 40 -76 0 0 93
0 30 200 -200 0 -200 67 20 -131 68 -141 4 133 49 154 -200 0 -58 200 200 -193 199 -166 -100 192 0 -111 123 -127 -113 -12 -3 28 -1 -141 -126 -200 9 192 -33 -200 81 -120 -200 13 -121 -200 134 -157 -12 67 -5 38 -34 200 177 139 -137 -200 117 30 200 -118 -22 -69 153 38 110 -122 -192 87 -196 90 -88 -200 -23 -8 -135 -49 200 -33 -200 190 -200 -111 -69 -100 -93 0 197 130 0
78 200 200 -1 200 50 29 -10 119 162 -142 -41 -2 -200 -95 -191 0 -128 -11 -16 96 162 109 78 -7 -200 170 -77 -181 44 200 -32 143 200 21 124 114 -143 -143 49 -173 162 116 40 -156 0 -106 200 200 74 -113 -88 -200 0 -70 -143 -89 88 200 200 200 135 -178 -136 -200 200 -21 0 -50 -96 -76 -200 9 99 -158 134 -200 66 0 -176 -36 186 77 0 0 13 37 -73 -52 -175 37 200
-119 -115 9 -3 0 0 31 29 -36 -3 0 -25 -200 0 0 153 -100 -169 200 -150 -200 -30 -200 -200 -89 -88 -195 38 186 -36 -161 200 154 -7 200 11 181 143 97 20 -75 -61 -47 -23 -200 64 -126 18 -78 -103 9 62 200 -168 -2 -1 200 -72 -126 -200 12 200 -192 91 -107 193 200 200 -88 114 131 -200 -190 200 136 -148 167 -67 -126 198 200 -138 134 -200 67 -85 -200 105 -41 -130 199 6
-200 -16 0 -59 97 0 24 -200 116 0 81 -200 171 28 -200 0 146 -135 65 -122 77 -5 -75 -138 131 162 122 200 0 -130 139 29 -200 -200 115 0 -33 200 0 -14 186 140 103 0 -105 -200 -200 10 -40 -47 -200 -16 -33 200 -137 -200 -189 -162 200 -104 -140 -187 -139 -200 191 81 200 0 195 0 -16 77 11 0 -193 68 -109 100 61 -13 -200 200 -45 18 -172 125 89 -174 -157 -170 -200 200
-157 -117 -175 2 13 -171 0 37 0 -88 200 200 -33 0 -185 200 -124 -60 -136 -115 -3 119 -57 200 -200 119 64 185 127 -45 178 185 0 -47 -72 -200 -200 -161 -200 -200 0 128 -200 -171 -13 169 -114 -200 0 200 0 190 61 143 0 -82 -26 115 132 169 -74 17 -69 -106 0 138 107 18 124 -12 38 9 44 -155 79 119 11 136 -200 2 0 77 113 200 -166 110 -75 200 200 200 200 -74
-159 -24 110 -179 0 0 200 -200 200 0 -104 0 -124 196 -34 21 -56 -95 -87 -114 -122 -152 43 -13 133 180 -116 196 -143 155 -35 0 109 94 -101 146 -136 122 -67 -200 -96 -168 0 -116 93 107 -14 -166 0 -160 200 200 -29 154 0 -200 -131 131 -29 -200 -150 -79 174 -27 -200 -158 200 111 -147 40 -86 183 176 146 149 23 18 -200 142 145 181 -109 -200 -200 76 40 160 -6 -174 -200 0 -200
182 -28 54 5 180 22 -84 -54 0 -200 -162 50 0 -92 127 0 77 -173 -131 -72 0 107 158 -67 -182 0 200 158 79 131 200 96 132 194 13 200 0 147 200 0 0 87 -200 -200 -106 -107 105 0 -164 -131 -88 0 -123 -6 -197 63 -200 -55 -174 -164 -183 -118 0 -112 -179 -187 -53 -118 200 -88 -186 -200 -195 0 -36 -200 -153 -134 0 -200 0 -178 194 -84 0 200 -200 -41 -107 32 103 129
0 200 200 -94 48 0 179 -200 188 0 170 123 -144 -94 -176 0 120 -200 -200 0 -200 -26 200 -200 193 0 200 200 200 200 161 0 102 0 -187 0 -151 -149 57 0 -200 -151 189 11 83 117 200 -165 -200 -173 -34 62 -87 -57 -7 135 -200 -200 135 105 60 -200 145 139 45 200 -113 0 -49 102 -127 200 -75 -151 149 62 -200 -196 -8 -12 -106 -129 -200 -83 33 -91 -124 0 200 -113 -110 45
-185 123 102 -200 133 11 -118 -200 19 200 -89 -11 75 -75 162 0 0 -200 170 -68 200 135 115 195 -200 -198 -24 169 24 -67 -158 -200 88 -44 102 -87 200 84 -8 -200 199 -142 193 84 -124 -200 30 -9 -31 -13 43 200 0 -130 102 0 0 46 117 200 200 -82 200 188 -43 15 -60 164 139 -158 84 200 -200 -200 200 0 116 12 42 -198 200 200 -68 -68 0 140 -90 -156 0 -41 -141 93
0 -163 -155 200 152 114 -188 12 89 -195 200 0 191 108 -197 76 -189 200 -36 200 200 -1 -20 -35 131 -69 70 89 -200 -104 -200 -141 -200 -33 110 -200 -44 81 192 0 -33 -100 143 -68 -148 -70 136 18 200 102 -151 -81 -56 200 -200 55 -200 185 54 -196 113 200 62 76 -77 0 -49 0 122 -200 -139 -80 0 32 200 135 119 -200 163 -32 197 -185 -114 27 138 -66 194 -34 189 0 -36 200
156 188 200 187 -68 55 32 182 63 79 94 54 200 -150 0 66 85 -93 0 -153 0 -200 5 6 200 200 200 9 200 -97 200 -37 -79 0 -200 96 56 -80 0 37 78 144 76 -173 40 -41 -41 -188 -119 -152 -133 -196 -180 0 -35 0 67 -10 -113 -200 200 200 196 -200 -167 -120 0 -188 -62 58 124 -23 200 -48 -200 188 -172 158 -103 92 0 200 -41 -37 -200 -195 0 -162 -200 156 -94 159
16 -34 200 -102 69 -200 103 159 79 174 -200 -46 46 -21 -34 160 -200 138 89 -60 -156 151 -120 70 97 25 200 0 0 28 -92 -171 0 0 -70 -98 -5 140 -200 185 -196 -121 200 -30 69 -10 -42 0 -200 -185 -17 155 -89 12 -173 0 -200 200 0 -180 -183 -83 121 -97 -113 -200 -78 -3 183 114 0 200 -24 -85 -200 101 -54 30 186 65 0 8 -134 -200 12 -137 -26 172 64 183 105 -38
-200 -84 14 0 -159 107 167 -95 200 187 0 100 0 200 -52 -194 103 -200 -200 180 -180 27 173 16 27 38 200 0 135 0 -200 -200 154 -57 -121 -175 -14 -102 197 92 -153 -184 0 132 -200 158 189 -91 200 191 132 156 0 -200 168 0 141 -157 -27 -122 59 -200 200 0 112 126 68 109 -200 -152 -67 -136 -200 179 -82 -142 0 -200 178 176 -28 167 -200 -200 91 -101 16 -200 121 130 200 105
0 122 139 128 62 37 144 -200 -130 133 -199 137 66 -200 -35 30 190 200 -192 -198 131 140 171 29 -19 161 -175 75 155 0 151 -52 200 16 159 200 200 132 -200 179 200 80 -27 -200 12 12 142 2 0 187 6 -200 117 -117 121 200 200 200 200 200 0 100 -103 0 -15 -27 192 0 -90 -141 -62 200 127 200 -189 -8 0 0 -89 74 -55 200 -14 98 0 -55 0 151 -145 -56 174 -105
115 87 146 0 200 -159 112 194 164 200 -128 200 -95 82 200 -88 200 -135 84 -200 -44 -111 144 0 16 121 35 -168 11 155 -41 0 99 200 -112 -200 -96 200 0 -19 128 44 -95 200 0 78 -151 -36 7 144 166 200 35 -11 -147 -16 169 175 198 0 116 63 23 175 -80 -132 -200 134 177 -124 1 -159 -49 171 200 -119 32 200 -113 -98 -189 -200 197 -83 -27 117 171 15 -32 0 0 -123
37 97 200 83 136 66 95 200 -167 155 0 141 -200 3 -200 200 106 -200 -91 200 -175 -99 68 200 200 -124 -200 -138 -61 67 63 154 0 75 -200 76 -164 99 200 197 149 -178 0 0 174 -189 -163 114 166 102 27 200 42 175 -113 -79 186 41 -138 0 200 -200 -3 200 4 -13 -89 76 120 -4 -76 90 -1 -147 200 -12 0 -97 200 181 18 139 0 49 164 98 -66 51 100 -42 87 -50
200 -191 -189 -189 144 160 -112 200 -65 -52 -114 37 -200 -8 30 -21 -118 200 100 0 200 0 200 86 28 -200 200 200 -200 26 -196 -125 2 53 61 128 147 114 -200 -38 200 148 -75 -142 -67 -64 200 0 200 -118 188 200 -175 -200 160 40 -200 -153 -56 199 -200 -180 -116 -200 176 -200 112 51 30 148 -133 0 -200 130 -110 0 -200 -148 12 200 -58 42 0 -200 -76 0 -85 156 147 134 -159 156
-200 0 84 200 0 -195 -50 95 171 45 200 -104 105 -1 94 -195 200 -114 -111 -200 -200 -200 94 2 12 16 35 -104 3 -200 114 124 -107 168 0 0 184 200 65 200 -69 -121 90 200 0 -200 27 -27 -110 -71 200 -200 0 -191 83 81 -188 0 -200 -166 138 0 -96 113 0 -172 -128 78 57 -41 113 158 -155 -165 106 0 34 -121 -174 -54 24 -10 23 176 0 181 170 54 -135 127 -169 -85
-200 123 -4 146 -36 155 -118 107 86 183 -161 0 0 148 -200 -197 200 -200 -125 -74 -198 0 -126 -133 -200 -124 180 -47 98 7 -67 -200 -125 -162 -200 -182 23 18 -80 84 -22 0 56 135 -5 -46 -113 -200 58 200 0 11 -37 -59 -117 -200 -137 92 -177 147 -154 51 46 -180 -39 -66 70 200 -36 -124 32 173 0 200 -200 0 0 191 -79 148 105 -125 200 129 69 200 -137 44 200 0 66 41
-97 187 160 180 -48 -200 200 -143 65 93 200 -31 -193 -111 -2 1 -64 119 -35 0 -79 106 -200 0 -200 88 0 93 -112 93 -198 -155 200 200 21 181 8 -12 169 200 200 -200 -1 30 200 68 36 200 0 74 200 -172 182 48 -76 -52 -6 -186 200 122 -169 -200 15 37 -200 -118 -164 139 178 67 -5 169 -165 0 2 -117 -134 -111 0 200 160 -156 89 -155 110 -183 -123 96 -200 110 13 200
82 -162 89 -34 -200 -154 84 23 -200 -93 -168 -19 -199 -162 200 -119 170 -124 -188 -91 200 -39 128 200 -143 0 110 177 0 153 101 -200 -156 -196 -141 21 113 -82 125 144 174 65 162 78 200 52 -200 161 -147 127 0 98 -136 -192 136 163 80 -146 0 92 -149 -117 200 118 200 -200 -32 0 -164 -38 166 -55 187 -154 11 200 126 -198 174 -87 -109 -28 -32 0 115 151 0 -180 0 200 200 -154
-200 -153 78 186 163 -200 -200 -41 200 0 -171 0 80 -189 46 -200 -123 166 200 133 0 37 86 195 -50 46 28 0 56 90 -117 -107 -146 105 181 200 -172 200 -187 -160 40 23 1 10 -175 -155 123 -184 200 200 -18 179 -100 -76 35 0 -73 -19 -113 -4 -67 -127 -43 111 135 -24 200 53 -200 -129 -89 200 -169 200 -82 131 -89 200 -73 41 200 0 -174 -146 0 -60 -42 -87 -122 200 0 24
-109 -200 -82 146 139 -200 102 125 83 0 29 156 -200 -139 18 200 -188 200 175 -170 12 -81 22 26 110 27 200 185 63 -73 200 -102 0 83 -120 -121 -200 0 10 -194 -96 -48 -14 -77 28 200 -163 -198 148 -165 -190 -184 30 -198 200 26 -102 12 -114 -50 160 33 -200 -200 -125 -44 0 200 58 139 193 -200 -200 192 -148 -200 200 -173 102 151 46 27 23 64 55 -23 -25 -165 6 129 -94 -200
-120 -49 134 86 200 169 200 -84 200 43 200 200 146 -194 119 -55 -18 -29 0 -89 11 0 -200 -126 -121 -197 -114 -94 161 -142 -200 99 -200 -34 -200 181 -47 172 78 99 48 -180 23 -129 0 106 0 0 -200 50 0 -93 0 -116 122 -181 -134 176 0 0 172 200 -134 178 38 0 0 0 168 -23 0 168 -2 200 -114 80 200 -6 153 151 -12 186 -151 148 -200 -200 0 193 93 -119 161 85
-200 -136 0 -133 0 -164 7 200 15 -12 200 -169 164 152 -35 -173 200 127 -74 112 -116 23 177 -200 -134 -188 -33 88 105 79 0 0 -56 -137 116 0 200 171 -126 -37 -138 -200 200 -99 0 -142 135 -35 -103 0 -105 0 -28 -1 -188 -103 -76 -39 0 200 200 0 157 -200 106 30 74 128 0 1 141 200 -123 105 -43 198 48 -166 200 170 145 0 -135 -54 124 -200 -36 -200 -17 -78 -63 200
-80 78 174 -46 -81 -41 69 167 199 -105 115 120 -73 30 127 -168 0 200 195 99 -58 -65 177 46 -77 154 -44 -200 74 7 -192 -200 155 137 193 123 85 200 200 -91 146 -174 43 -24 0 0 88 162 106 -153 0 0 118 41 86 -8 200 -200 200 -84 168 62 135 -200 -200 -89 -200 15 -200 -200 125 -27 -40 -95 53 62 -158 26 0 0 189 -118 -159 -124 -172 200 35 165 0 72 200 -104
-37 132 -173 -151 -79 69 -111 -185 69 100 0 0 3 26 -41 200 -74 -158 -123 200 176 159 63 -34 -194 -200 -106 -196 0 -96 187 -200 21 200 116 0 169 -73 -104 -200 -12 67 136 -75 115 -127 -55 -94 -150 108 -2 0 -63 -200 -35 191 -186 120 -4 175 -7 -200 -195 -165 150 72 39 -200 -200 -125 -18 -57 197 -144 -194 -188 -111 -108 64 62 200 139 147 -200 124 -191 -20 -45 -51 -74 -94 200
-38 0 -146 75 174 0 114 -107 73 0 -126 200 16 -200 -168 144 -200 0 200 0 -200 0 -105 -200 56 174 4 -178 -162 -23 11 -3 0 41 -151 -5 157 0 0 14 -93 -200 -39 0 -50 -200 200 -34 186 57 200 78 110 130 -186 -81 -86 50 54 -73 0 -155 0 0 -122 200 -105 -153 190 -134 -168 108 29 -51 68 -200 1 -125 -200 -119 -75 -89 198 -49 192 153 0 200 161 0 200 83
82 -140 -19 34 -97 0 160 65 -160 16 144 84 46 127 -94 0 109 0 200 61 -22 115 0 160 48 -36 -64 0 -198 -140 -200 0 70 -133 0 179 -200 -13 -67 200 133 -200 -125 0 79 -97 0 0 24 72 90 145 -68 198 200 -200 181 172 0 105 -52 -200 179 0 0 200 -54 0 91 55 -3 119 -139 200 -108 102 119 0 -200 -50 200 0 105 -131 -200 0 0 -58 0 -135 0 -50
0 136 -133 -92 -200 -137 -89 0 131 -200 -91 61 -115 -153 129 108 -149 109 0 79 -185 200 147 -159 123 200 168 -160 195 55 43 185 -129 200 -134 61 -66 127 40 -7 54 -95 0 161 -65 -20 0 159 13 -166 124 -156 -103 -200 -191 70 167 -169 -110 24 50 -1 5 -180 -156 -200 -162 -200 0 -59 0 -47 34 -82 -173 -200 13 -120 -123 180 84 -79 -66 35 124 -189 1 122 34 142 -200 118
-200 -146 78 -126 112 68 135 -100 0 82 -32 16 -71 120 -193 -196 -45 49 -90 54 -200 0 0 -200 -108 0 -160 200 9 -151 -57 -195 -123 -25 29 0 200 -200 -196 3 196 6 29 -35 -11 156 121 -174 0 -200 200 149 62 0 -109 147 200 200 116 200 -131 189 153 -32 23 -45 -133 117 -111 100 -12 200 147 -107 -57 40 200 -200 200 -157 167 157 185 -109 -17 -200 97 72 32 -200 0 0
37 0 -200 -125 24 73 -180 -47 0 119 16 -86 -198 -158 200 0 -90 48 157 88 -192 196 -185 157 -107 40 118 -60 8 23 168 -69 -200 200 98 61 0 49 106 59 -50 -23 -165 -184 30 -200 200 164 14 -200 184 0 -185 -129 -26 -154 0 -123 -200 -17 -160 93 174 -123 0 -200 69 -200 0 93 -74 -11 200 -145 -40 0 200 200 -12 -200 138 0 16 55 27 0 -200 116 0 -95 90 200
0 35 -140 0 -95 112 -154 -23 200 -72 0 -182 63 -200 115 0 200 -78 -177 156 -18 -136 28 -80 72 87 0 -16 200 0 58 114 -147 124 0 0 -200 10 126 152 -113 0 141 0 0 -53 148 0 198 -48 0 10 135 20 -200 -2 50 -66 -12 -139 -69 -3 -200 145 60 119 174 24 -116 -200 158 200 -76 -166 187 200 174 172 200 200 -132 -42 -200 110 -60 3 0 -55 200 124 156 -193
-100 28 0 23 -149 121 -182 0 200 -135 -67 31 0 -132 200 -64 200 200 63 54 -200 -9 -200 -194 2 -30 162 87 200 153 200 -37 197 0 -67 -74 88 50 17 101 200 -133 -5 -197 -200 -148 110 -150 -89 200 -200 0 -193 -200 -89 -200 200 11 178 -60 131 -200 -200 107 -200 -163 46 120 16 -182 182 109 200 -200 200 126 -136 137 -78 -90 167 -200 162 159 22 -112 -193 -142 70 66 -11 163
-197 0 -41 148 -200 175 -200 -101 196 17 37 200 98 -64 -20 49 92 16 166 84 79 200 0 -28 100 -200 136 -48 -179 36 -66 0 0 0 -170 0 200 -47 96 130 200 -200 -32 71 135 -132 200 0 84 -1 0 -183 104 192 20 -193 -122 160 0 134 -101 200 0 -168 104 -128 41 -161 -114 200 -31 92 0 -200 0 49 0 -173 0 -200 59 -200 200 200 75 -116 -20 149 -62 81 174 171
-110 -61 -200 98 0 113 12 36 82 7 0 -163 200 103 105 -42 37 0 -22 172 30 -84 200 -189 0 -60 -167 133 -200 38 53 -78 -151 0 66 -200 165 -181 -29 62 -5 49 -9 -20 -102 13 -200 -155 18 -33 -46 26 200 13 -100 -167 135 -103 -89 -49 -200 200 197 -143 0 200 -38 -200 169 -7 -200 0 -5 -128 0 112 -63 200 164 159 -32 -73 182 -21 189 -98 92 53 -5 -196 200 200
-200 200 -200 -116 0 34 80 -150 119 4 -183 53 0 0 -200 15 27 -200 -109 -46 195 -147 -142 141 -70 -48 116 102 -16 -118 -44 200 -131 86 -173 -54 -87 37 104 -97 200 95 -25 68 200 -200 -27 64 34 0 177 156 -62 121 192 0 0 16 196 22 200 -200 154 200 10 0 0 200 98 101 0 200 200 -41 -179 -200 -200 0 191 -61 -151 -65 5 169 -88 -52 200 -200 0 -24 200 -4
0 -2 -157 200 200 10 -192 -136 0 0 -116 200 -115 200 0 200 147 -76 153 -94 -6 98 -59 0 12 -165 0 -29 -120 152 8 200 191 200 -104 157 200 -193 198 100 -21 -200 -161 -151 -200 175 0 -9 -87 41 -158 -84 0 -67 -127 -69 95 50 150 200 200 -22 62 -64 -60 0 -187 -120 10 200 -91 148 190 -128 140 -17 193 4 0 87 -109 -185 200 0 -200 -103 -59 169 -129 -20 200 167
-122 -11 -165 200 9 0 146 35 128 116 98 -109 -200 69 -162 200 -47 58 74 -2 -79 -180 200 184 8 165 166 123 -40 -126 22 184 123 0 190 45 181 67 0 -112 2 -113 -191 -123 -70 200 0 0 0 97 -67 70 191 175 0 45 200 -69 -113 134 -105 166 0 -52 0 187 192 -145 0 87 -70 -198 -40 183 -165 -200 136 -89 95 0 0 0 -200 0 35 200 35 114 200 50 182 -200
