8273 73 96 121
-30 41 144 -200 -168 -30 13 0 0 -134 168 -143 -150 -4 175 -102 -182 174 -51 30 -18 3 -128 -56 67 -88 -119 -85 97 -6 0 184 -180 153 159 97 160 118 -160 191 -60 0 -113 146 -1 30 0 -200 -101 -122 2 34 42 -127 -49 -110 81 -200 -140 -136 -3 83 199 -131 -12 200 -22 157 -51 -50 152 -47 122
40 -169 200 190 -200 0 -192 0 144 -141 -12 0 -194 -138 -65 168 -70 -86 101 50 133 198 200 106 4 0 168 -33 -8 -148 41 -72 172 -200 -34 -200 -71 200 -45 121 192 103 -79 -29 -133 62 -89 48 200 147 107 -180 -23 0 -74 -50 -176 200 83 62 -165 -93 143 -43 4 121 26 -97 -16 -200 131 -53 200
-128 131 9 -38 200 -92 81 117 -94 -61 32 -97 -189 109 0 0 0 -7 81 74 200 -69 13 142 0 163 200 -164 84 -200 -158 115 -200 128 -99 113 82 0 17 135 -3 -75 -152 -200 -170 169 179 -145 -171 -118 -200 47 -200 200 145 200 106 -18 6 -164 -156 -14 0 0 0 7 -200 -162 8 200 -192 -18 124
126 131 -200 -132 0 -200 171 -200 200 -108 -200 -148 -200 188 -93 -200 -109 -13 200 11 34 0 -126 200 200 108 -96 200 147 -141 -148 86 -200 0 124 61 63 44 -185 167 48 -200 0 -143 -200 -112 0 -200 129 183 111 51 -25 39 -46 84 152 -128 -8 -39 174 0 -27 0 57 111 -125 156 -139 148 45 200 -200
0 -127 0 192 175 91 -200 -145 124 -131 0 200 9 200 -88 -70 -169 -34 -179 200 -28 0 28 -178 197 200 0 114 -127 -49 101 0 86 99 125 164 200 164 94 -100 -200 -6 181 116 -200 -49 -80 -163 0 -200 -61 1 -172 -114 0 -136 -200 -9 -111 191 -130 108 17 200 -43 -200 48 -171 96 -189 188 -200 139
-200 200 -185 166 0 200 66 0 149 -24 200 200 -101 138 -33 152 -55 -107 149 112 200 -2 44 -60 -198 67 39 16 88 2 -122 124 -21 -200 -198 77 192 -87 73 104 -200 24 -199 84 -200 104 83 200 111 37 0 -127 159 104 -27 -17 -200 -107 0 -53 -88 -54 0 -70 200 -73 0 198 -89 -200 -76 -170 125
-151 -91 53 200 171 -200 153 0 -89 -173 -161 141 179 131 149 0 85 200 0 96 72 200 79 -200 127 99 200 200 0 -200 -138 -81 -53 18 0 -23 0 -104 200 0 -117 0 197 200 186 64 -20 -123 -138 -1 -200 200 145 -6 186 44 -148 29 0 0 171 -172 -200 0 -138 -86 58 200 200 7 -175 -191 25
154 -161 200 -106 -148 200 39 -136 56 7 -142 94 56 -200 195 -21 -19 -28 127 -194 -54 -124 -200 135 -93 139 -125 -82 -82 128 -78 0 60 200 -163 182 150 0 180 -99 0 -91 200 -200 -23 71 -84 -200 -189 154 0 -62 0 165 -111 -166 155 -173 186 139 105 123 111 -48 -102 84 200 87 -40 0 152 130 32
74 154 132 -15 127 38 -195 0 -200 -199 81 189 21 93 -129 60 35 164 -49 164 84 164 -200 -129 96 -112 135 59 54 -125 82 45 -153 94 200 -1 61 5 -48 -110 136 200 19 112 -200 130 0 -87 117 -41 0 77 46 -64 49 68 -23 -17 -200 50 0 -131 -173 -33 191 -129 125 -174 177 200 51 124 -145
156 -34 -200 200 55 -97 0 -56 182 -94 89 200 -200 -198 0 0 -155 -39 157 -70 -200 -200 -123 -78 115 -131 177 200 -93 -44 -196 0 -101 -46 -60 169 0 0 38 200 57 5 75 88 -101 -111 168 -200 192 -200 6 119 164 -85 -17 -144 92 43 -55 200 -90 200 -154 -158 200 28 -41 -200 86 113 -178 -127 180
-110 95 33 200 -200 -73 -113 -200 136 39 138 200 0 200 -200 -200 0 -170 -200 200 0 -164 146 -200 -200 0 -99 -173 0 30 -159 0 198 -114 33 200 172 179 -199 -28 -200 -91 -37 200 148 -167 -49 -146 0 0 -145 -200 -74 -176 -194 110 -200 0 -57 -93 -39 31 -166 -200 42 -13 84 192 -155 200 -34 0 -119
-200 -87 -138 23 -200 -48 125 -37 151 200 -200 -79 200 66 -185 143 -146 -34 -57 0 0 -107 118 200 -4 98 -197 149 3 200 200 -11 200 -13 54 -14 -54 -123 70 -111 18 0 -143 -200 200 18 -89 117 108 -30 -28 200 69 163 -160 -40 169 194 0 -88 75 28 -145 -168 17 21 187 200 -138 24 -60 -30 200
195 165 149 112 -121 -97 -97 -118 -150 -103 -89 -109 112 0 0 168 -200 153 -141 92 135 153 169 -200 200 177 0 -183 9 113 -158 -12 -166 200 0 -200 -197 0 -200 200 200 0 -199 159 159 200 200 200 56 144 140 -128 -5 -141 -54 -141 -181 -200 -103 200 180 19 -176 -200 -117 139 0 8 146 -115 -90 -24 -200
134 -200 0 -77 200 -167 103 -14 80 149 -17 200 -200 -200 -200 79 9 72 200 73 92 -72 -55 200 -23 174 -200 -193 -200 -151 -70 8 -84 -200 157 -183 -139 -168 183 0 122 38 -158 0 200 106 200 196 -109 -137 -26 0 -91 18 -2 -128 200 200 -91 0 -177 -131 -114 26 -35 200 -142 0 114 -200 29 -200 -185
59 -153 -59 0 172 168 200 109 -114 0 -200 163 111 -200 0 -191 -151 -20 200 70 156 200 -12 174 133 -99 -138 -200 190 -99 59 0 30 -95 -110 36 0 61 -200 -67 127 179 131 58 50 -70 162 160 101 194 -200 121 62 -194 69 17 0 189 18 -145 23 162 -53 -200 35 -166 196 -200 -21 4 -200 -86 -159
173 -145 -77 200 148 43 81 -200 -163 -134 26 97 -198 136 39 -2 200 185 -96 -106 -72 57 -200 -175 -89 -143 -175 -42 -200 200 54 165 -29 112 -141 -51 4 -189 -93 43 200 -198 200 142 200 0 0 183 -200 162 0 149 200 103 168 -65 -171 78 92 3 -75 0 -152 -101 65 -18 0 -73 -126 103 114 110 0
40 -24 0 -200 -71 98 -99 -12 127 200 200 -102 0 188 0 -126 40 18 -165 0 -6 133 -169 0 100 195 -194 200 -200 183 -200 200 -107 189 14 164 79 39 -71 -107 -184 -188 -200 -148 43 113 42 -71 56 -158 130 21 -200 143 200 200 0 38 -8 128 0 -150 -178 -17 96 45 200 143 0 0 -52 82 200
200 49 130 19 78 171 -102 84 -73 -15 -67 -200 -15 80 -112 0 135 31 158 17 126 -73 -150 -35 23 81 -67 -4 -36 0 162 -94 191 8 -94 0 -149 130 -43 -25 200 -124 -112 -76 -61 134 0 200 -82 64 51 115 37 89 74 -23 200 63 -59 44 200 -100 0 0 -156 -200 -18 -171 -200 -53 44 99 171
0 -15 -170 0 -26 186 -119 104 200 0 0 -95 -117 200 117 -28 -130 -197 0 -200 -33 0 -108 -1 -111 0 -200 0 -52 0 194 17 199 0 133 196 180 200 179 173 -59 -148 -187 -30 150 80 -16 -183 100 -155 170 0 99 -25 -200 200 -61 -119 -200 29 0 -200 -65 -26 -117 -42 62 -88 -96 -200 -101 185 171
167 145 0 -66 -126 -74 -130 -200 18 -69 122 -190 145 200 200 142 -181 200 -33 -179 200 -169 -177 -200 0 -41 55 -55 112 180 96 -200 174 199 -117 -199 122 -126 200 17 148 176 193 61 47 45 190 -9 -200 0 -125 49 111 -148 109 78 -35 23 -27 157 173 200 -134 25 -146 -200 -66 200 81 -139 -200 0 -106
-193 63 199 -17 6 0 145 -133 -71 40 0 -43 -120 100 200 0 -24 196 -135 -154 -59 0 -200 -200 90 137 -152 49 4 -55 53 -38 -46 -68 88 -200 69 200 -191 200 117 49 -200 197 0 4 135 -115 27 0 200 -156 0 99 200 -101 -81 140 132 -200 -120 27 -175 0 57 -59 142 -200 -34 83 -200 192 161
-43 -153 135 159 -193 -107 92 200 143 133 -200 65 62 0 132 -200 -14 -37 2 -64 -200 0 0 -200 -64 166 -200 -84 -139 27 -173 127 -150 200 33 0 34 16 -177 -51 -42 196 50 105 171 73 -20 -58 200 -56 153 -91 0 -67 200 129 53 -181 -103 -193 -22 159 40 -193 191 -200 -164 -165 -172 -200 200 -179 38
-26 -83 79 1 -110 183 -163 75 -170 -52 -58 0 -70 -26 -200 -200 0 0 -42 143 -200 200 -200 0 151 -182 -200 104 34 -184 187 200 -151 -65 -95 -196 200 76 -15 117 27 37 9 9 -169 160 -173 181 -118 -200 0 119 -32 -182 200 68 194 -200 108 -117 -45 -70 54 180 -42 -30 153 -129 13 -69 -200 -104 -200
108 78 12 132 78 1 -110 200 143 -200 127 -114 0 111 84 0 73 -52 3 183 -176 25 149 -200 89 -106 -100 -163 -176 -198 -200 -129 -5 -38 -191 -80 -200 0 71 200 -107 200 200 -63 -50 -82 -119 -129 -200 56 -181 0 -52 -71 -21 200 200 -200 200 29 192 174 0 85 97 -182 -96 -200 98 -178 5 0 -161
-162 104 200 -81 -87 -165 78 -28 -200 200 40 -23 57 200 146 200 88 200 0 200 -200 66 -81 161 0 136 -106 -200 0 -18 -167 -21 12 88 200 200 -171 200 -100 0 179 200 0 -2 67 183 0 -49 -97 83 0 187 -13 0 -56 -73 0 -200 48 21 -196 -166 191 -200 0 -187 68 -41 -200 -54 -158 70 -117
200 79 -165 0 -2 120 190 194 -49 -119 -85 200 -16 173 -77 139 -200 147 41 -18 0 0 -75 -180 0 -125 -69 72 200 196 19 -129 144 -194 103 -79 -37 -200 -164 -136 0 0 168 161 -93 -183 -14 149 -78 200 -179 140 64 -93 130 49 193 84 -46 0 -28 200 28 -149 -138 -192 181 23 22 199 -126 -147 0
193 191 130 -66 -200 -48 177 -94 43 -178 -196 1 -24 191 -41 -101 0 26 0 -144 200 -59 69 -200 -58 -200 124 -200 -200 200 200 0 20 -46 19 2 32 -3 25 -151 -52 0 -25 -110 -18 133 11 0 -28 0 60 200 -129 0 -101 -66 -97 -82 44 102 200 200 200 -179 0 200 0 128 -200 -77 -88 33 103
22 3 200 -183 -170 161 -88 -70 200 90 0 134 200 -58 152 0 -129 -173 -81 -158 -200 165 -200 -67 0 105 -58 0 187 -200 -200 0 99 153 -13 -131 182 200 113 200 -183 -61 -106 -145 95 -198 -75 0 -200 -171 -175 198 200 200 -181 -32 0 -200 -200 -7 80 160 75 -31 200 -200 11 -200 -64 0 -34 -7 -200
-13 141 -77 -16 -34 103 -23 -36 -88 -191 -68 -18 176 -154 -18 -78 34 200 -152 -79 81 0 11 162 -48 200 -109 -200 172 -125 163 45 118 -95 200 -200 0 -91 200 -80 -125 -17 -42 70 124 -46 0 -172 200 -99 -36 200 53 200 18 -151 101 -181 -130 107 -30 -64 -9 -31 158 -167 -51 200 -71 200 -71 -151 -13
-70 117 112 115 102 -200 5 -200 57 26 0 164 200 -33 200 -179 0 0 195 -132 -200 142 -200 -18 0 -107 180 -16 -200 -91 200 -76 -13 -54 0 -31 29 200 -81 179 29 156 -111 171 -11 -169 -48 -200 0 -103 89 0 -168 75 0 0 -25 56 21 0 -62 -200 115 109 21 183 188 0 -39 -200 197 -130 117
-163 -188 200 0 -125 50 -84 96 200 -17 3 -38 -94 16 -200 46 -200 -84 200 -154 -84 -200 122 0 0 153 -200 123 -9 -138 54 178 150 200 -30 144 95 -66 200 -123 17 0 -173 -52 185 -41 -74 -44 96 -74 -45 99 156 -37 169 185 -13 0 -200 -104 87 139 -61 -196 26 200 200 0 200 60 -164 0 127
-134 26 200 9 -139 186 35 200 0 -124 -200 196 17 144 106 77 -60 -178 17 20 -143 14 -189 123 -200 53 -200 89 -89 -197 7 -108 -31 112 145 -101 200 83 -59 177 -143 -44 142 22 96 178 -200 -173 -144 11 47 0 156 71 200 -89 8 -200 -147 104 0 -31 -200 -82 153 -25 66 2 -184 -200 -200 -200 12
150 -112 -13 189 74 200 141 -200 60 16 200 188 67 148 -64 200 119 -77 188 67 195 0 0 0 24 166 143 127 -200 -194 114 -23 -119 -29 -104 156 -67 -145 28 -29 97 -27 6 -192 -2 -73 69 -23 -40 -179 200 0 199 180 -77 -200 0 -200 80 -200 0 0 200 0 -104 32 -37 0 0 115 -36 -96 -10
179 -67 200 18 30 0 -119 57 -8 200 0 -65 -165 0 200 200 188 200 -159 127 200 -126 -197 128 200 -2 -138 -200 0 100 185 -113 -118 140 196 0 200 186 10 5 -200 -200 -187 -200 -200 -200 40 -134 -200 123 -134 196 0 52 200 -85 163 200 -103 161 200 13 -158 143 200 -64 -173 -24 76 102 53 185 -73
-200 107 160 -66 -171 -170 -162 -175 -21 142 200 15 126 -146 0 -110 -140 91 200 -145 60 -161 25 -47 77 200 34 200 -177 172 3 98 200 -38 200 -102 -93 -102 -166 -81 63 113 -169 124 0 -98 -200 142 200 0 148 132 59 0 -35 97 -200 -150 -82 25 -40 -200 47 -78 -200 74 -51 0 200 -161 51 -37 -156
52 18 8 -40 -161 109 -88 -200 0 26 -116 -22 -161 -143 -200 -200 -20 -45 136 61 37 20 136 192 200 0 -197 -77 -55 -200 -109 142 -200 -66 -151 146 -97 -56 182 -136 200 92 147 29 134 200 14 -41 0 -4 45 128 28 0 -122 -195 -11 -40 66 0 200 -97 73 15 -200 0 200 200 144 0 -11 -44 -84
0 54 152 200 -200 197 177 200 -82 -188 200 0 54 -7 168 124 200 47 -200 -143 -82 0 -131 -47 -137 -46 -200 -200 -174 -114 -200 200 -14 3 -158 -97 153 20 -88 39 -80 0 76 -200 181 -150 138 10 -110 -43 0 0 186 89 -23 -141 188 55 -176 184 -66 -102 -138 -199 0 -84 200 -200 129 129 91 -164 138
-85 200 200 -200 -52 -35 -116 0 69 -164 -106 63 -145 124 -30 -45 -160 -163 0 -19 -75 -200 -172 85 43 -172 -90 59 0 0 -75 174 32 -172 -78 156 184 1 -58 -200 110 25 156 0 0 -40 -183 167 -85 200 -82 -200 -182 65 -200 1 -144 19 173 101 -200 200 -58 -50 0 -72 -33 0 53 -82 112 200 -200
107 0 200 -60 -9 0 3 154 -200 -25 146 200 200 0 57 200 -26 200 -69 -200 -47 131 -24 197 -98 -109 -88 179 -5 67 0 -174 34 -147 185 -3 0 -170 -111 11 -200 200 -78 200 0 71 15 -131 -45 -95 190 -92 -150 170 97 75 -200 200 200 -25 -200 100 58 200 0 -82 -50 194 -124 200 86 79 180
146 -140 1 0 200 96 98 42 117 0 -200 -105 -165 137 91 76 -33 -151 96 168 -186 -94 0 56 184 192 177 -132 0 97 -25 0 88 -84 122 -126 81 35 33 31 -160 -200 -25 0 -107 129 -99 1 193 -200 -200 115 -138 0 1 -84 -129 -147 200 -108 66 96 -134 37 171 32 0 -30 200 -141 121 9 200
-182 200 200 89 0 175 -170 -121 -142 125 -82 20 -15 166 -56 59 -144 -200 -19 200 0 -200 -156 0 -183 -15 155 -9 -18 -18 -200 0 -158 152 24 10 126 -182 0 197 200 -68 -13 -36 84 176 0 78 -14 -145 -24 200 80 0 -24 6 28 154 0 -200 -200 0 200 200 70 172 200 200 -111 -99 -136 195 -73
-90 -106 -200 -135 0 34 -200 134 -187 200 0 124 0 103 -81 169 -97 200 -75 -200 -200 186 -200 -40 -200 173 99 -130 -38 156 104 -94 200 -200 -138 192 -141 -5 -187 200 -62 -78 0 -48 -18 29 -135 62 -91 134 40 185 200 18 200 22 16 42 179 96 -20 -84 182 -200 -176 -134 162 -120 -123 101 -200 -184 -200
-200 -159 -200 171 -135 192 0 -121 -186 183 0 -200 -157 37 82 -142 105 68 -25 -54 200 133 20 23 57 -200 -166 51 -200 -152 0 -199 83 130 0 -24 48 -17 26 -200 -51 -17 -195 -45 -143 -200 200 -132 -57 151 -5 0 -7 184 169 33 37 -118 -60 51 0 -47 136 180 132 -69 -128 44 107 -95 50 -17 -141
65 0 -126 150 -114 12 -118 -166 0 -88 -71 0 -200 49 -5 0 -119 192 122 0 36 200 106 159 200 145 96 57 22 41 -200 -200 -63 178 25 107 -65 -200 198 -28 66 0 0 -100 -115 40 -126 14 175 123 -200 -135 -200 -167 -91 -114 0 -110 200 -155 -39 -75 -47 -101 179 -173 -198 131 34 116 3 110 -98
83 -200 52 -164 -144 196 200 -41 -81 200 -200 200 -135 200 -200 188 185 183 -200 129 30 195 69 -32 -110 200 0 -71 -128 0 -25 164 53 -195 -200 93 179 36 0 195 12 200 200 124 -185 -200 92 -146 187 120 -124 -200 -31 -195 17 -183 112 -200 0 44 0 -178 -200 68 -60 -180 -97 -164 -51 0 -126 -5 9
-200 200 129 -159 117 88 -200 116 200 -26 71 200 -200 79 107 0 -200 -173 39 -99 200 27 98 -111 0 -51 -57 92 -200 -145 31 -199 200 -200 10 0 197 121 -200 163 0 108 -33 125 0 200 0 -38 -88 -16 -44 -149 177 -24 194 -26 -163 200 146 -102 19 -33 1 34 -200 55 20 200 131 -173 -33 -200 84
200 81 17 5 -53 -34 103 -63 -41 -164 75 -84 -62 -200 183 -64 67 23 -200 -126 -124 146 -155 0 200 176 125 -94 69 -14 -125 -60 -152 -54 183 0 200 -90 200 -79 -14 121 0 45 -46 50 -181 -148 63 -55 -27 0 67 -200 -115 -91 160 200 161 -74 23 -200 -123 -35 -199 58 5 -125 0 0 -159 -159 0
134 -174 -17 -200 -199 -200 87 200 77 -173 200 -116 -200 163 -166 -174 189 -129 -200 91 -100 -200 57 117 200 138 46 -200 200 0 -135 -6 121 -38 -73 34 81 -117 192 115 38 -200 132 -200 -82 200 -101 70 0 -200 192 -111 132 -27 -200 111 162 -130 110 147 -155 -200 -96 186 -134 -169 74 90 -179 -23 -42 200 -180
-200 -200 200 154 -78 -200 -144 200 40 200 -166 27 -200 -141 66 200 -93 -66 -200 40 -200 -200 200 -188 -176 -132 110 -38 -151 74 188 167 -200 0 -200 -113 -92 -145 -75 -165 74 -156 -122 -138 53 86 51 42 163 0 -59 69 -147 -84 200 -31 13 -53 0 66 200 61 126 31 173 -32 112 -51 -100 186 -126 -56 0
-200 -43 177 -162 -109 94 -31 -200 -103 -23 164 200 -50 -183 -40 -23 -101 -28 -60 146 200 49 120 68 200 196 -200 -157 87 50 52 125 126 135 195 82 -160 109 -56 -200 200 179 200 -137 -117 -134 -12 185 150 -60 0 -84 -20 0 -200 -91 0 0 134 200 -48 -137 -17 -200 0 -200 -106 -200 -147 -7 29 -200 100
138 -146 0 -200 -146 200 6 193 173 200 9 -145 0 -182 200 -19 -74 4 182 162 -66 117 -78 -200 200 100 64 5 -177 0 -166 101 -8 121 200 -200 -135 -23 -93 22 135 96 -57 192 -116 41 87 -171 28 31 0 43 -67 136 0 31 -38 -104 -25 178 200 200 -146 188 96 0 -33 0 -194 -200 -29 59 -145
-82 57 -169 -35 -57 200 -34 0 86 147 -64 -200 7 200 171 200 -170 150 200 -56 10 200 0 -144 0 0 -51 112 200 199 58 0 105 -49 -49 0 29 -24 200 -2 185 60 -84 35 -145 200 -150 31 177 99 61 -26 0 -104 -153 -192 0 -50 73 -200 37 -12 0 94 19 107 -104 163 -101 -6 101 -148 -200
11 -189 200 -84 -132 -44 71 82 0 -200 -117 -68 200 -30 -125 53 131 -179 102 -200 200 162 85 -36 166 200 -126 68 -132 -110 -200 -46 -156 200 -101 -200 0 -173 -187 3 -200 200 0 31 52 51 20 200 -200 200 200 -200 53 200 -174 119 -172 -200 200 -121 -174 29 -196 200 39 -139 0 200 200 -84 71 19 -200
-200 -133 -56 173 -138 200 -200 -200 0 -175 -157 -200 -200 22 -200 0 200 85 170 200 195 -172 -200 134 -53 -119 0 -36 -85 143 16 -95 0 136 167 -118 -200 200 156 10 106 -3 83 -131 55 -110 -200 -181 -93 172 1 0 -69 200 -143 200 132 199 -200 0 0 -146 -187 200 -200 -200 28 -70 -188 143 -131 160 -88
-200 -59 162 -168 -200 31 -200 0 200 0 200 200 0 -72 -83 -28 -73 200 135 105 -184 102 175 -110 -183 -176 25 -200 159 -171 -17 30 -184 133 200 98 -200 60 94 31 124 200 0 84 -144 -145 146 -103 0 -182 -200 -176 134 38 -200 -131 -200 -105 -187 25 81 -147 -95 0 -60 200 74 150 64 -110 -137 117 63
0 200 100 58 88 160 184 -200 115 0 183 -181 -200 -3 -131 -143 25 190 196 27 0 22 -28 111 -63 -111 200 -30 -85 -200 0 -56 128 -28 -129 70 -158 93 164 -85 69 -53 200 60 -100 -41 -13 -200 200 -6 46 -45 200 189 -91 0 -44 59 -92 -196 -200 200 169 94 -200 179 -134 -24 -78 -133 117 -167 -6
200 28 -118 -200 0 200 126 0 -146 -18 -168 -89 158 0 153 74 132 -109 200 196 172 -14 191 -85 -181 -200 -46 -126 -85 165 -111 -77 -42 107 -89 -104 200 164 -34 0 200 -103 -157 108 -67 200 -168 0 0 0 173 54 139 200 0 189 -196 200 200 54 69 173 0 128 94 -14 44 -91 171 134 -47 80 122
-69 -3 120 -168 141 -200 -50 176 -200 2 -11 -141 135 153 -200 0 7 -57 -200 110 -175 -69 200 -122 179 200 -16 -32 -122 -200 195 -112 86 0 -80 184 200 102 198 -189 -123 -71 69 -102 -200 -9 141 129 -170 -200 -200 65 0 107 137 56 -39 156 0 200 -200 -147 -33 60 -200 -85 165 0 33 -112 158 -196 81
-193 87 195 -128 119 71 187 -20 169 193 -125 0 0 107 25 85 69 -107 200 -177 64 64 -200 -6 0 -136 -158 10 0 93 0 -163 0 -130 -143 0 -149 107 0 0 -104 3 -200 -70 122 -200 -40 178 48 -148 200 0 66 -83 -105 102 200 200 61 0 0 -104 55 -73 200 -200 170 -127 -199 -147 0 200 -169
-158 200 56 0 77 -78 53 0 4 -34 -63 -151 -200 200 -151 -200 -200 67 -120 -198 60 -104 -162 -51 -75 200 112 -109 51 -130 -152 -190 0 -142 200 0 6 2 -200 0 39 -67 34 94 197 176 -145 -13 -200 -76 54 0 -200 130 -200 -80 -157 -76 -165 -200 -187 157 0 -39 -59 68 0 -74 120 -88 200 71 146
54 0 -87 181 188 23 190 174 198 0 -149 -172 189 -114 200 0 -200 185 83 -115 0 -200 0 -101 75 -69 -37 -161 7 200 -38 200 5 174 47 200 77 -200 129 169 -10 158 -28 170 -48 -77 200 77 -31 20 49 200 44 0 0 120 200 79 -135 200 -142 32 190 -195 -146 -5 0 -15 -87 0 179 -200 -44
-128 -109 -200 -35 166 -109 -118 9 -87 0 -200 -200 -145 -64 141 200 -51 27 -149 -33 185 87 171 0 152 159 191 -200 81 41 200 -174 0 0 -200 200 58 -123 0 -58 -136 -85 0 -200 -90 48 -18 26 8 95 -200 44 -56 -167 0 132 -24 0 61 -11 28 31 200 -200 143 -91 -164 -84 134 64 -80 186 -16
200 147 -121 200 0 -8 15 124 -121 200 -161 -195 -87 124 132 16 38 0 -130 98 -20 190 -200 163 148 0 0 -120 -94 -200 150 200 56 13 164 -97 85 0 127 9 0 -172 88 -161 -129 5 116 200 184 0 155 -200 200 -200 -93 200 4 -188 -31 -142 -200 -51 -100 -35 -141 -135 174 -199 -200 -37 -200 200 113
-133 200 -200 17 143 -59 -144 -160 0 -56 200 -200 -103 65 115 0 -24 -199 196 180 130 -92 -92 -175 121 -169 -106 -45 0 -38 -150 0 0 -21 0 20 200 150 -200 -115 -151 126 179 29 104 -141 -37 200 41 183 -114 19 0 0 -84 131 -47 0 200 -31 -90 -176 -73 -81 -200 0 109 165 -200 -7 -182 -60 75
92 -75 -13 -160 143 -27 -88 32 -90 191 118 -27 200 -50 -168 -200 42 -181 -200 0 37 136 0 144 200 200 -4 -185 200 -200 104 84 -35 -2 106 -188 -200 -25 -136 -141 -117 59 -121 77 -124 19 135 55 7 -121 77 0 -112 -65 -200 0 -105 0 -68 -196 0 -147 -185 -95 -149 200 -63 -191 -111 -104 8 -8 118
191 0 126 -132 -200 -182 -71 -38 0 -133 187 -200 94 62 -9 -115 0 -200 -200 -111 -132 0 20 81 -74 142 200 95 -25 200 -3 200 -29 0 97 125 -9 0 -200 -200 129 -39 110 -27 -10 -164 105 -147 0 0 146 -124 -114 -75 152 200 -136 11 -19 -200 -104 -200 158 -184 -200 0 112 -53 -163 -62 111 -41 50
-26 200 0 -14 50 93 0 -137 200 15 22 0 -200 200 0 -114 84 0 -200 64 -100 -91 28 75 0 199 -105 -17 0 28 -100 -140 200 -138 196 18 0 49 -176 -52 121 -67 -200 200 -197 0 164 -25 -31 -64 0 130 134 182 -200 -10 -200 200 -51 -8 -108 8 -200 200 30 20 0 0 183 -200 164 -200 -29
108 -44 148 0 -9 -99 38 -147 167 0 -34 -117 129 -200 200 50 112 0 21 -44 -102 199 132 82 8 -193 200 -128 -79 -3 83 -120 -200 -77 111 198 -200 -26 139 177 -160 0 -42 135 0 -143 125 -178 200 -13 132 96 200 -64 0 0 144 7 -98 -164 -85 0 28 130 0 143 0 182 -103 6 35 0 167
-200 38 -113 -28 -99 -146 -200 -43 121 -200 12 24 -38 -131 -86 -90 -125 163 123 0 166 -12 -129 -31 -58 88 33 -200 39 166 57 -33 -160 200 -167 200 77 44 200 200 186 -82 101 144 197 200 6 -200 0 -8 200 -159 -89 200 -102 0 -156 -88 81 -195 104 185 85 142 -8 21 -167 -36 88 25 -128 -62 -200
200 60 88 0 -90 200 200 23 0 -147 0 -123 95 46 85 143 0 167 200 7 200 200 -171 184 -146 -130 0 139 -149 -123 0 200 -189 -200 110 0 -4 -78 -200 91 0 200 -200 -89 -169 134 18 -126 0 -68 169 113 -188 -27 40 200 154 -137 178 0 -148 -169 -137 0 -72 -156 88 -200 38 200 -200 -5 33
195 200 -71 -87 0 -188 42 0 -200 -57 -198 23 200 0 -200 -200 -200 200 189 112 200 -200 176 74 -20 188 -70 0 -199 4 200 -200 90 0 173 -169 17 -107 179 -27 0 184 -191 200 30 -200 35 189 52 -39 200 0 -63 -200 -80 -57 -73 -38 200 -73 200 -56 0 0 13 -130 0 162 146 0 -40 -119 100
-36 166 -59 -91 147 56 97 -52 22 -200 75 0 -18 -165 31 0 -66 -70 59 18 -160 144 -157 -110 -120 200 3 -55 -8 108 20 -73 200 200 -122 114 -174 200 -110 -12 0 150 -127 -142 16 173 200 -151 -182 0 -35 -66 -44 54 103 -93 -129 -132 0 88 0 44 0 12 36 81 90 -113 0 -153 -85 -168 0
149 0 -139 0 -200 113 -200 0 -86 155 -199 176 -67 163 -200 -200 -195 -57 -104 195 200 200 0 -28 45 121 0 -76 0 -136 200 157 -144 35 139 184 -102 -15 200 -44 200 -88 -200 -45 -32 -96 0 200 110 186 -8 -133 143 -89 108 53 -33 -97 158 -138 -165 0 150 0 -183 200 0 -179 80 0 114 95 -3
43 -41 -85 -200 0 -200 0 0 144 140 171 71 88 -200 -200 200 20 -42 -51 200 0 -200 200 -96 0 66 0 -84 13 74 -46 139 85 -126 -74 27 5 -99 -44 200 -188 200 169 30 200 -30 200 -200 -156 -200 56 -22 -53 104 -95 104 -124 -200 194 -21 -132 0 61 -200 112 -81 33 0 -178 -44 -73 -200 0
