879857483 100 97 200
140 139 0 -42 -59 129 52 -93 -179 0 -36 0 -11 93 200 66 25 118 83 -7 -82 200 105 -200 -142 0 -155 -18 140 151 -20 -13 144 56 200 -116 -200 195 -102 -200 200 200 -144 132 -200 53 -144 0 -47 0 8 89 -162 103 -61 143 10 -92 91 -200 0 180 200 173 188 -139 163 79 -38 200 34 80 59 -83 27 -165 1 -1 -99 173 0 64 -187 67 -16 0 -23 0 -26 -181 -2 -177 -55 200 152 -70 -67 -163 -75 67
15 -160 107 -11 -73 -45 132 -156 0 -127 -132 -20 159 -200 0 -169 141 0 -87 29 -122 -138 -82 -181 200 -76 12 200 -14 -189 21 0 90 200 150 53 -55 62 200 -54 -30 200 6 200 34 0 115 190 -24 0 198 108 101 -142 98 -176 119 -172 0 13 -168 198 -48 -167 128 200 178 181 -43 -25 -200 -162 -87 133 78 -151 -200 108 -105 200 200 69 -200 66 -78 -139 200 -101 3 0 -69 196 -141 0 -2 130 -173 -3 200 -108
0 -200 -200 -44 74 183 -100 62 -101 -158 -158 -121 37 -3 82 -153 -144 -51 -194 0 -103 189 56 -200 200 34 0 200 -86 173 200 -161 -175 -45 -200 200 61 107 -182 -162 108 -183 0 200 -188 0 74 47 150 0 -158 48 170 -109 -132 112 47 169 200 2 -190 0 -78 -167 -129 -77 -198 0 81 97 -96 -60 0 24 -118 0 -31 -200 -60 60 200 0 -200 -106 -121 142 -138 -120 -200 -51 66 196 6 -130 63 200 -115 44 70 200
-168 -15 183 52 -118 -22 200 53 40 54 198 24 -59 200 135 155 93 77 43 200 -164 77 85 -176 200 74 35 158 -139 -42 -200 10 -58 5 -200 82 -178 -91 -56 109 66 -67 -47 200 200 42 -200 0 200 -74 -200 -89 200 158 -135 199 -30 -10 -200 -45 -134 200 -28 191 -126 0 117 99 16 200 200 -67 128 81 160 200 175 -94 189 -97 0 0 200 -43 173 -186 200 -162 -28 -153 -148 -183 200 200 -8 66 -22 -200 -134 -92
169 -200 -137 166 200 4 174 -175 -89 -200 58 0 -43 -168 -83 -62 147 199 -75 168 -128 16 -105 0 31 -100 74 118 199 -83 -125 -60 81 100 -65 20 200 200 194 106 200 -111 152 146 65 13 83 -188 200 200 200 0 131 -114 -121 164 0 -200 172 105 130 48 -71 -125 135 0 0 74 200 -33 160 -22 0 200 200 78 -1 200 0 75 140 200 -21 -143 -27 -174 61 200 0 157 14 100 -200 148 -169 76 -150 -53 -25 -99
0 -137 143 65 200 0 10 -107 149 -137 173 -92 -132 -11 0 -142 0 136 77 -40 -155 -73 -158 -56 -153 144 121 -39 73 198 -200 1 140 -191 28 -38 194 -200 0 -53 -132 0 -200 -179 -153 116 -64 -155 200 86 200 -200 177 200 200 -62 -61 -200 -164 0 162 -153 144 -196 -147 -145 -24 0 0 -17 58 -35 -169 0 0 -8 173 -52 -44 0 132 -44 -104 0 114 200 113 0 182 102 130 -64 144 -16 100 -200 -122 -127 -129 98
-200 49 -200 0 72 200 -200 0 -190 43 -24 174 -70 -7 -169 77 -120 -15 -163 81 -200 116 143 -42 -169 -140 34 132 105 -200 9 -200 -150 0 -180 -200 121 -188 -70 -90 -36 -55 0 -171 85 -31 200 0 -159 200 184 0 0 -168 -168 -115 147 200 106 -184 74 160 136 61 -149 -100 -185 -60 200 -45 46 -200 200 147 -200 -117 -200 198 -84 -149 83 -47 -161 -4 135 -95 161 -119 200 0 174 200 -200 75 -9 -48 -100 147 -177 200
-176 165 -75 0 -163 -200 -170 -25 50 8 102 89 0 -86 -23 0 41 -181 -200 -171 0 40 -64 -54 -179 -135 52 200 200 -200 32 109 89 -86 -200 0 56 123 -11 -200 99 -12 200 142 59 -177 106 -157 -149 88 -200 200 -31 4 17 0 -189 -16 11 -41 -184 83 200 -39 -200 -138 -200 2 -171 -63 200 165 0 61 0 103 175 0 -35 -200 -200 200 96 181 186 -43 0 -126 -185 199 86 -200 -200 200 -135 0 -173 0 0 -138
0 -117 -58 -195 -105 -200 -65 6 -102 78 -200 2 53 -89 200 -174 0 102 124 0 187 109 135 -8 151 131 0 -141 -200 -162 0 -124 47 12 57 -173 115 37 200 200 -87 -171 -192 162 -200 -34 78 -200 -135 11 -146 196 -2 -37 125 0 95 -161 52 13 200 93 40 154 -200 25 141 137 184 50 -148 200 94 -140 -86 -200 23 -60 127 129 10 0 -73 22 -200 -182 -200 0 23 48 200 127 -160 46 -135 -91 -6 -127 74 91
31 106 -136 -75 189 0 -165 -197 -55 -84 -132 -76 -104 -34 -115 -66 96 146 195 38 145 88 15 -200 27 0 24 122 0 -139 -155 -27 -98 22 -58 192 131 200 -172 34 181 77 0 -200 -200 48 134 84 -200 -50 123 -79 200 -92 69 200 -119 10 -86 200 -25 -172 43 -61 -84 -148 -158 134 -154 40 -200 0 -24 183 -200 -172 -141 -181 -200 89 200 21 0 7 200 -186 63 -49 -81 -200 10 114 0 87 -126 -71 -31 0 -192 200
200 -152 -126 126 -174 -200 200 -192 60 -61 198 15 -128 84 20 34 179 200 -94 -99 103 -200 200 -85 -200 66 -44 -2 -75 -200 84 8 -131 -132 -180 196 -120 -21 0 -185 -53 54 1 200 194 189 200 -136 -86 -200 -54 185 -3 53 -67 0 103 200 -178 -37 -200 0 -200 -200 200 0 -200 -111 86 200 200 200 200 17 100 163 -193 200 -118 29 1 141 183 0 -116 89 -165 -166 83 -162 -81 -151 54 59 -126 62 100 33 0 140
51 -200 -174 0 56 21 18 -69 200 -71 -37 -175 -21 -173 -36 30 200 200 0 165 -187 -200 -14 78 21 -108 -200 -200 -139 134 -200 107 -71 -133 4 103 -94 59 -92 0 149 200 53 -78 49 200 115 -69 200 -101 138 -7 37 200 -200 94 -38 200 145 -85 -1 27 135 -97 -177 107 200 0 175 -175 0 -183 200 20 -110 45 200 62 0 -183 199 46 -103 37 -38 -179 200 22 132 200 188 -6 179 -2 43 -200 120 17 65 88
93 0 -147 -69 -148 -56 -121 -52 -153 -106 19 -179 0 34 149 30 -112 0 152 0 33 -200 191 66 -129 0 -159 104 -1 200 -140 75 200 59 34 130 24 176 83 133 183 -11 -140 0 200 94 47 -169 46 44 -55 -200 0 167 90 200 156 196 0 -1 49 -200 197 -156 -82 -1 -200 121 -200 -200 0 40 184 126 -23 -53 200 -135 -3 -200 -123 200 200 -133 -88 -132 -133 17 112 -142 75 -96 74 200 0 -200 172 -173 0 73
176 -200 -200 -6 -37 31 -152 125 -200 -159 151 -91 -32 -200 -200 200 0 156 82 64 -150 -200 200 -79 -20 -132 33 -156 -48 0 -134 -14 0 37 200 -83 57 11 176 -117 0 200 112 -188 0 141 -95 83 -5 23 -45 200 -10 53 200 91 -177 26 48 0 -200 183 200 178 -41 -188 83 200 -169 200 -25 40 16 0 111 -108 14 -188 117 11 -200 167 -92 176 42 -192 28 76 -200 -98 -188 -175 -38 -85 128 200 -140 -78 -113 200
200 89 -20 -40 -31 0 -41 9 0 151 200 50 -114 -175 -200 14 -200 -200 -181 140 -152 -105 -172 -180 -102 180 -141 0 -85 -180 200 -143 -123 -82 99 -77 -24 -200 0 119 0 200 -160 102 144 -57 142 195 -5 -88 -200 -32 95 165 -131 -61 200 -200 195 55 -53 0 -148 200 -164 199 41 200 -132 53 72 0 -60 200 0 0 146 -67 181 -126 106 86 0 -200 28 152 -102 -200 56 172 -1 200 -167 -200 147 200 142 -175 200 0
-103 -140 -142 -51 0 79 200 61 175 -111 -100 180 200 156 -143 -21 173 -106 -44 -198 -59 -21 185 135 -190 200 -50 -76 -71 -155 160 67 111 -27 -200 114 -200 38 -166 -200 200 143 -185 200 -4 0 122 170 200 -94 193 -36 -56 -70 -72 -134 148 -200 142 -125 -166 -36 -52 -200 144 -55 0 200 -119 -173 0 200 32 200 200 124 -14 50 -97 -200 -137 39 197 200 200 200 -118 120 -160 136 -197 -114 17 -77 0 -122 62 -149 69 -189
69 -28 0 200 163 -2 -110 33 115 0 -200 -168 -135 200 0 42 166 53 87 -200 16 61 32 163 36 -89 -171 -200 -31 -200 167 -200 200 -58 56 140 -200 200 81 56 61 -119 -23 -80 134 -17 -200 0 -200 2 200 -10 -190 -93 0 -57 -197 47 -99 -6 19 -200 167 159 -16 -32 188 137 59 -189 -79 -165 -87 0 68 86 4 -38 -200 -44 -200 99 92 -144 198 0 0 -144 -200 -15 -190 113 179 -200 -44 -87 78 -31 -99 71
200 115 38 159 200 10 85 -90 200 9 60 132 0 -86 125 175 79 -200 -59 0 0 -101 188 200 -28 -159 75 152 -122 183 -182 -97 200 -106 -75 200 -84 -114 52 35 -7 0 179 179 -164 -51 164 75 177 -129 -156 -97 110 77 130 55 93 -20 -64 -59 -37 -163 0 82 44 200 200 -200 -37 -161 -177 -87 94 133 80 172 -70 200 -84 5 -197 -167 -200 176 -67 -148 -17 129 190 132 -200 200 -71 121 66 -144 146 32 0 63
-154 200 0 -9 77 200 -153 0 109 -114 -132 109 -171 81 98 -138 9 100 172 -177 -169 -124 -54 -23 89 -136 200 -139 200 -162 -22 -196 -152 -176 -60 -34 79 -60 33 59 0 -123 200 29 -150 -16 5 0 0 -91 200 -200 171 -125 -200 94 -163 -200 140 191 -14 -5 -140 -200 -163 0 -200 -200 64 117 29 -25 -113 78 -119 -3 -200 4 -106 -32 -179 78 41 -24 200 0 0 81 -109 0 -30 200 -152 200 83 134 99 200 -113 -29
-156 108 -174 50 -77 106 0 -49 -144 0 200 -23 -113 91 -104 27 -145 200 -51 -106 0 88 -200 0 0 134 200 -200 128 88 -179 -200 -133 0 125 -54 146 70 0 0 -172 12 -200 -200 -120 -76 184 -135 -200 -136 124 200 -200 -200 174 -44 44 -183 -135 200 0 161 -23 0 0 48 -151 200 -55 -177 94 -200 -184 -200 -153 99 79 67 -154 84 0 78 -49 -73 18 95 200 -151 49 175 181 -5 84 150 41 -150 -21 -121 -184 0
9 -57 -187 -82 0 67 12 27 0 12 -110 200 25 -199 200 -200 -134 100 -3 -44 115 200 -142 0 -16 -73 157 -200 -134 -100 -200 -160 -58 200 -96 -74 200 68 0 0 200 -135 -116 0 -200 -7 200 49 200 72 -189 200 128 -29 166 51 62 -8 -166 177 -200 2 -164 95 0 200 164 200 -122 -67 141 200 -152 46 -87 0 200 -165 -191 0 -1 -15 -156 143 93 22 -100 0 -24 92 200 157 -200 -200 -117 194 200 0 49 -200
-198 58 3 164 20 118 186 -112 -8 -136 0 -172 -113 183 -158 -147 0 157 -192 98 5 200 168 200 0 188 -200 -200 -200 95 200 -200 189 156 -36 -31 137 161 -102 -1 160 0 36 73 200 0 -3 0 -194 200 200 48 96 -158 -156 -153 200 7 -189 -10 49 -52 -131 0 -164 -130 -156 0 0 -179 0 65 17 200 200 -98 48 -60 28 9 200 32 164 80 0 0 51 200 162 -200 0 -125 200 -20 -200 187 187 -7 -125 96
-159 0 -200 110 -135 -157 95 69 -200 0 -200 -33 -117 -123 -106 -111 -194 -199 -200 25 200 -37 51 45 200 200 -96 -167 17 -193 -200 22 -80 -111 60 -200 0 0 -87 -34 182 -144 0 -120 48 -19 -62 193 0 -100 -200 -169 137 -121 189 148 199 0 200 200 58 200 -90 199 -200 -80 -159 -83 -20 0 0 174 -162 11 34 -72 32 196 200 172 185 -117 0 20 0 -200 -200 125 200 -80 -200 109 77 -106 -76 -107 -3 -140 124 -200
0 -200 -105 0 -149 -55 200 -49 153 10 -69 47 80 -34 -48 21 0 128 53 190 5 0 200 149 -153 37 -82 87 -200 4 -200 138 -176 -178 43 -200 -200 -61 193 -44 -200 200 -200 -167 -58 31 200 160 -143 188 118 197 -200 193 43 133 53 -200 -115 23 -85 0 0 -200 0 200 -38 85 78 -28 200 -30 -200 57 120 60 35 -38 3 62 -146 145 146 30 -93 20 200 200 154 163 61 -99 -129 152 0 0 -200 -67 0 132
-71 200 200 200 -115 -200 51 0 -100 148 -2 -172 -168 -121 116 168 60 116 98 31 -200 -123 200 -81 0 200 200 75 118 -200 200 -200 0 -174 200 -58 22 -193 53 -48 194 -50 0 103 -200 -183 0 0 110 98 -200 200 125 -200 17 -95 200 27 11 0 191 -164 -70 107 0 0 -148 9 149 35 85 116 53 -200 0 170 -136 113 10 76 -67 171 -200 -147 23 -104 200 162 105 7 24 -27 200 118 -143 48 -87 0 0 -192
14 22 -200 0 -149 -92 29 -4 -133 139 0 -139 200 23 -200 200 -109 -89 -134 -184 6 -78 130 -16 200 35 185 53 -158 -9 -85 0 0 -156 0 200 200 0 31 68 -155 -200 -17 133 -188 21 7 86 52 137 -176 150 -200 143 -200 51 -57 200 118 -124 99 133 0 0 -200 23 -156 0 166 59 16 0 -137 -79 -141 0 -108 -123 -200 -28 -153 32 97 196 0 108 -124 45 -133 -5 200 200 116 -200 6 104 0 -200 200 0
133 -74 75 119 -136 0 -78 -182 90 -200 200 200 -200 -113 -7 -165 0 124 0 0 4 110 168 -32 0 -69 2 88 92 -137 -200 162 -168 179 -78 -97 4 -22 -1 -57 -38 71 200 19 -161 -2 24 200 -200 -13 30 10 -161 0 -156 -176 -189 0 -21 0 -78 200 3 111 0 124 166 86 -140 109 -14 -200 120 24 -166 11 0 170 193 157 149 -47 0 138 -129 170 -95 -79 0 200 -95 -200 130 99 133 54 -131 -136 -80 118
200 -141 -186 -5 200 -31 -183 200 60 0 200 -14 -152 -94 134 -122 -200 68 0 193 -136 11 -154 -85 0 200 -65 -149 7 -186 200 200 11 153 135 -124 143 -112 -200 -99 44 0 200 -110 172 9 35 200 0 38 200 200 -91 0 97 -193 -45 -200 -200 120 -27 -27 -173 -58 8 75 200 -102 0 -9 -58 -135 -72 76 -72 70 96 0 -200 -53 86 0 0 31 0 89 89 100 0 40 0 0 -183 -11 -173 -32 -77 -20 168 200
-200 170 -84 10 -14 196 48 40 69 184 59 -117 163 20 -120 194 -170 53 191 -174 188 -36 175 73 -22 200 15 -25 -94 -157 55 150 86 -184 195 -199 -73 -165 200 -200 137 0 -200 200 144 -176 200 55 0 0 151 -200 -200 74 -192 187 -81 -187 37 121 -160 0 -9 200 -127 -154 -200 -105 0 200 200 -189 100 -150 44 0 178 83 -87 -69 200 -50 157 85 90 -200 116 -51 -67 0 200 112 1 159 119 -141 139 200 -200 -200
-158 -189 80 0 -2 175 -195 -200 142 125 -7 -124 158 0 -23 -200 -192 152 52 -68 -30 54 7 -124 -187 149 -113 155 109 -157 -190 0 168 -179 -105 159 -98 0 154 -200 -200 161 -58 26 -174 68 0 -149 21 -200 194 -193 -200 19 44 81 0 0 22 -48 147 67 0 -189 95 -174 -148 -109 200 -172 0 -132 177 -52 146 -160 85 -191 -200 -184 -164 108 -149 -200 -26 -166 -133 18 129 200 -42 -163 -128 -200 200 -190 -105 68 82 178
133 -200 -140 -71 127 -146 -49 85 200 94 169 110 200 200 -27 100 200 -111 119 82 90 117 -75 -200 -200 -51 194 -47 180 19 68 -175 141 -200 171 -141 -48 156 -61 155 -35 0 -142 -180 100 -179 163 108 -88 192 185 11 139 146 -175 200 -62 -133 -193 123 -157 190 134 200 50 5 161 75 -29 196 -156 71 -200 -140 0 -124 178 139 0 -70 -200 200 200 0 0 189 -33 134 -143 161 -92 -8 77 100 200 185 -200 -45 63 -195
148 -200 -187 -108 -29 200 163 122 -161 118 3 -87 -38 -146 -188 0 -105 128 106 -200 0 200 -169 113 110 185 200 -102 -111 0 -166 133 -136 133 -107 -51 -68 -64 -197 114 33 -182 -200 -106 -83 154 121 13 200 -147 -200 34 -192 38 -184 200 1 -80 64 -173 13 -49 81 -170 197 -188 -49 -200 0 -39 42 -131 74 167 -32 194 -44 200 102 -86 200 200 -19 0 -194 198 -200 -31 -148 52 108 200 0 200 -122 200 126 -23 -200 -160
-131 -200 35 200 7 52 150 0 0 -10 168 -44 36 -44 115 -150 112 0 56 -72 -152 -81 0 -53 199 171 0 -187 138 70 193 0 0 -181 0 0 -100 -109 -56 200 -30 84 180 -34 -47 157 -150 97 31 -199 172 -200 200 -200 120 6 -134 0 -144 200 200 -189 67 -153 -26 -22 -47 -45 -96 29 8 63 133 -188 200 -80 172 191 -7 -192 -176 -7 17 140 -110 0 30 0 -78 0 -20 -199 -107 47 24 -175 -200 11 0 -124
115 -65 -200 63 200 -47 150 -13 -29 -23 -125 -127 170 -133 -85 180 118 103 17 0 45 200 -29 -74 -41 -170 -170 -79 22 -105 197 -121 -122 -200 45 -8 -87 0 -200 -152 189 30 0 -169 0 8 41 200 -200 -195 -21 200 -185 21 -43 -100 1 -175 200 -124 180 200 123 -38 -137 193 0 200 -143 127 0 -200 -100 200 -88 -35 200 0 200 0 23 117 0 -82 -200 -103 -200 4 -132 35 149 160 -68 56 0 78 96 -167 55 0
-40 178 -128 179 -194 -175 -74 87 -69 0 30 -136 8 0 -171 200 0 174 200 200 0 -183 0 -84 -45 -88 76 41 0 58 78 -132 -62 0 84 -27 0 -54 200 0 -123 -81 -98 0 -113 0 118 -112 -65 -200 -48 150 96 144 -97 200 167 -57 198 0 200 200 18 200 -23 -136 -79 -20 -71 -113 188 0 -151 10 200 -42 179 200 0 113 112 -129 170 28 75 82 -81 40 -122 -200 -115 -30 74 -135 -150 -86 0 -148 -109 -106
37 -108 156 -200 98 -72 85 -200 -64 0 -6 0 0 -166 53 -7 -93 76 -200 104 -71 200 0 -84 200 137 12 -145 34 136 -196 -85 -200 -84 -168 0 82 -27 -134 -116 -91 200 -196 -73 0 -61 -200 170 0 -196 0 0 17 164 42 -128 -4 62 128 0 -71 134 -110 -146 29 -200 -72 -71 -118 195 -47 -108 -200 99 -45 -200 -76 -200 -102 0 0 -45 200 -148 200 0 56 11 200 150 -77 -63 0 -120 -200 0 200 -149 167 -16
-160 -120 -40 0 135 -168 -200 0 0 79 -200 -94 -9 0 111 -181 -189 0 -200 -44 -58 49 186 7 -169 -58 -119 186 200 -67 0 40 151 61 104 113 -85 -129 -176 -78 191 13 123 -38 -12 91 91 -22 -153 200 -152 200 -139 121 112 8 66 0 192 166 -200 0 127 79 54 -55 182 90 124 -49 119 -154 117 -81 -145 -98 116 0 21 -162 -44 0 21 0 -63 -160 200 200 0 -133 -32 161 200 -136 0 -130 150 200 92 -144
-19 171 57 167 0 64 105 106 110 -199 -159 -67 200 188 -200 191 188 143 0 89 -45 200 200 33 85 5 -66 -180 141 -191 185 17 0 0 0 -6 -111 -200 200 200 51 -107 200 -200 195 0 116 200 -200 73 -131 11 -146 141 -200 200 31 98 187 0 -60 60 187 -200 -140 126 115 -118 0 192 -200 200 -22 -73 0 -11 -76 -106 -184 -39 34 85 200 94 -73 95 -44 117 -95 151 -147 -142 200 28 0 -4 0 -177 -106 113
-5 -127 -189 -131 -8 -43 -115 -200 -91 -200 0 0 0 113 -17 -25 41 -11 -132 -20 94 55 162 0 199 27 -193 -168 200 35 61 191 -19 165 22 104 54 -199 9 -200 -14 -36 -169 0 -200 52 102 170 105 0 -117 137 0 200 -77 200 -177 59 118 -158 200 -175 87 175 -200 -97 -200 0 -118 -136 200 -187 -200 18 65 -159 13 93 67 -113 37 0 153 -200 -92 -114 -158 -170 -200 44 0 -200 62 45 187 -150 4 -200 142 -177
78 55 147 -149 161 145 -118 -139 0 127 39 27 28 190 118 119 -14 -175 7 142 -196 0 136 -200 164 70 11 3 -200 169 0 112 200 -147 118 -200 166 -93 -191 200 97 175 -113 73 114 126 -23 82 0 -109 0 42 0 115 -2 200 -200 -26 50 200 -200 189 170 -37 200 0 -200 -42 0 200 -200 196 200 146 -148 -109 200 0 -187 200 200 -29 77 -192 -83 -57 -183 138 -62 -169 53 -144 -158 59 0 0 200 -200 -97 52
145 -161 0 0 -64 0 -200 -159 103 56 127 -156 30 -80 -115 -38 -94 30 -17 -68 -196 -167 -94 181 200 200 90 66 -89 -117 109 -137 54 -42 200 -7 0 106 194 77 -40 0 149 170 20 -198 173 -108 199 200 65 -83 86 -77 200 2 -71 -200 155 -72 -170 152 90 -200 91 -71 -200 -64 -95 188 200 200 -200 13 -200 0 -41 -200 87 74 124 -141 -111 200 118 132 -188 -117 -53 200 110 -46 -200 -66 133 -53 101 0 -193 42
200 92 -200 147 0 200 -200 -65 200 132 172 82 -70 70 60 200 95 -68 -66 192 -185 200 60 -81 0 0 200 -160 -74 200 -23 -116 200 -97 185 -38 -200 164 200 0 -2 -156 -200 0 190 79 23 -73 0 -114 -129 -200 0 0 -193 -69 0 0 -52 200 102 -154 -38 172 125 -58 -200 171 -18 172 -75 0 0 -19 30 -200 -23 -200 200 171 -19 17 13 200 108 200 199 -96 49 -200 -45 0 78 -54 -149 -108 -103 161 -200 161
0 -16 1 200 176 -19 127 -33 71 -163 -145 200 0 -41 -45 -2 200 -25 -16 -143 103 177 200 -63 19 60 133 -38 200 152 200 -200 -123 -12 -102 0 -200 200 52 50 34 -200 184 -200 -16 76 0 53 -75 63 57 -144 200 -47 -10 -128 73 14 -200 -171 147 -193 -39 -30 200 200 39 200 -154 -169 -28 -189 20 -90 197 -200 79 200 -133 -141 18 200 161 200 40 -28 200 -200 -102 -200 0 200 200 120 0 100 84 200 -178 184
-149 -184 84 -33 -187 87 -8 200 8 192 117 -154 -13 -74 0 -110 -184 -156 0 181 175 120 200 -124 200 139 -191 -134 -200 200 85 -200 200 -83 200 -37 -200 148 -200 -174 -54 -123 56 199 45 -69 200 -139 -63 -46 150 0 35 200 69 0 173 -149 -85 0 -3 118 163 200 -199 0 -45 43 -200 -193 133 -4 -73 137 -16 200 -70 0 200 175 -59 200 130 0 0 -61 0 46 -75 -200 162 43 183 -89 -47 -75 -88 -143 124 0
-29 -36 10 -57 -18 0 93 195 95 176 -11 3 -179 200 -26 181 143 0 -200 168 200 163 5 130 92 -149 -113 -175 14 113 -200 146 122 131 138 -159 120 175 177 -51 200 -63 -13 79 -200 0 -200 0 -158 0 -155 -139 200 96 -200 -149 -75 49 74 95 -4 0 -74 0 -188 -40 66 -189 -200 -34 -61 140 -174 -34 -200 0 -154 146 36 -178 -175 0 88 -80 -166 137 -121 -147 0 0 -37 91 -191 200 -200 -24 -48 27 34 0
0 -50 0 -99 163 175 -138 -122 180 -139 200 0 -102 -177 -127 69 200 31 -85 -153 -19 141 -148 -79 200 0 72 -161 0 39 -124 -155 0 200 -200 -64 -68 0 -159 138 -36 200 -149 71 -12 -71 33 67 -133 180 200 0 -45 -200 27 -200 -171 167 87 -45 45 -167 -116 138 101 -6 65 -42 -170 178 200 45 129 -51 44 79 198 102 -50 -156 115 0 71 0 -38 -19 0 -165 0 150 -180 72 0 52 -200 -56 16 -88 -109 187
-200 -151 184 -153 85 -200 189 -165 -200 200 200 -74 -76 100 178 24 0 -174 136 103 78 -59 200 0 72 200 0 -195 200 0 21 -88 122 0 39 -200 0 -71 -167 90 -200 -34 200 154 -12 -200 200 -135 -200 200 -200 174 45 200 117 -195 24 -161 50 86 85 200 6 3 144 -200 1 -9 -105 -146 0 -181 -15 129 -40 95 192 4 -166 -55 -108 48 -172 122 -115 56 0 93 92 48 0 -30 -183 200 23 -28 13 76 0 126
200 -135 -108 -97 66 124 27 150 68 -149 -178 0 -68 147 132 -51 -18 191 -200 0 -200 -170 -179 -62 0 -200 200 140 144 -126 103 0 -200 133 0 -155 -143 107 -200 58 -105 -195 -165 -123 -139 35 91 -70 45 33 12 -57 0 66 0 141 72 200 128 105 197 0 -200 23 -141 -90 30 -104 142 0 -200 171 200 48 116 133 191 -58 0 -139 -139 -185 -200 25 93 -193 -132 15 0 165 200 85 -110 -3 -200 39 -70 66 -39 200
33 41 154 195 0 200 -155 159 -38 153 -94 -200 -200 -200 -189 163 193 200 200 -88 199 -18 200 116 0 164 -182 200 0 -3 200 200 113 200 -127 7 4 174 -62 0 -61 -108 -116 -161 0 182 135 4 165 -46 0 114 -134 -73 -46 3 -15 44 81 -142 -62 59 200 -55 -157 0 -128 177 -191 79 199 -200 -200 28 -144 103 -200 60 -35 46 -73 -178 -78 121 -200 -173 200 -104 2 12 94 -150 107 -39 -176 104 200 0 85 50
69 136 188 200 181 -79 0 200 -96 0 199 66 -32 1 -172 -66 152 -52 -200 -68 -105 200 64 0 200 -1 44 -200 44 -134 -200 19 171 -123 9 -126 -109 16 0 -92 103 -133 37 -124 200 -114 200 -41 167 -1 -186 200 -72 -200 200 103 -197 -192 -148 -4 200 47 200 -170 -55 24 -200 143 -108 -200 17 -200 102 0 200 0 200 200 84 107 -116 -130 -36 200 200 200 -83 -56 200 -73 -128 117 168 126 5 0 -39 -200 -200 200
200 200 13 0 -44 -58 0 -108 -194 200 119 -108 200 -90 0 200 -58 200 -36 175 0 -194 41 57 200 -171 -88 -169 133 18 20 -113 173 172 0 -14 200 -123 200 194 -92 -51 49 -26 41 -80 187 -34 -174 -165 -124 -200 -36 200 -102 200 97 143 151 200 -102 -200 -2 -200 -200 -200 0 106 200 -8 74 -80 -107 -142 197 121 200 172 -57 -97 0 -124 -17 -200 54 -24 45 28 132 -43 -197 -33 -43 0 -119 -33 58 126 138 -132
200 71 86 57 20 -39 -69 146 -131 200 89 -200 6 -200 -124 200 180 -16 -86 109 -150 55 192 152 -163 46 116 -140 200 -187 -67 -4 -94 -200 155 132 62 -200 -131 1 -87 46 -200 -138 -200 -144 -94 55 78 0 -76 -17 0 145 178 138 0 64 -196 -85 131 0 160 -64 85 20 149 -18 0 -56 85 -120 -4 9 93 -145 148 74 0 77 0 0 -158 159 0 -82 0 133 0 104 144 -53 -91 0 193 0 24 -168 -130 -50
200 0 12 -52 -80 163 -145 200 0 0 183 0 200 23 95 0 -21 182 46 179 -91 -175 200 -135 -138 200 -72 156 -200 113 -57 111 -200 129 86 23 -48 65 0 -45 104 -200 0 200 131 82 9 95 -41 -194 127 98 -31 177 64 -197 -200 -62 0 169 -53 67 -200 38 200 36 -43 -200 0 200 28 0 31 170 -77 -107 182 200 -33 200 -19 -75 -172 -11 0 -94 -56 -179 -37 -144 139 200 0 -44 -114 -200 57 0 172 199
0 182 -11 0 0 22 7 29 -54 29 -60 0 -200 -200 200 133 -200 -15 -184 -125 0 -188 -169 -111 -200 -57 57 -108 -153 -200 179 -6 171 144 148 160 -129 200 87 -151 127 -163 101 -93 -185 37 -102 112 63 -85 -164 126 122 163 184 43 0 2 36 145 172 200 76 -149 -101 -94 -185 -149 -191 -178 9 -200 175 165 -164 200 200 90 75 -73 -173 152 10 -78 -200 -131 66 -145 0 -173 190 0 200 -49 133 47 200 97 -197 139
3 -16 26 -90 0 200 200 150 119 -126 192 -192 -200 0 200 -200 199 -132 -89 -200 158 -71 -64 -35 -200 -139 0 63 -87 156 70 193 -132 0 194 189 119 -167 0 172 162 200 -200 88 107 -173 33 162 154 175 -97 -198 -105 200 4 0 65 200 -139 27 -179 0 -200 0 -200 179 -95 -125 0 -160 166 0 149 -200 -88 -187 0 -155 0 -139 -17 -200 95 196 146 52 -101 0 82 -184 -200 146 113 48 -168 144 -35 191 190 23
171 -124 89 -183 144 -200 200 108 -200 148 159 0 62 200 48 0 -81 200 138 111 -134 -191 -156 156 0 -112 171 5 40 0 -199 -200 -144 156 -200 148 135 30 -33 -9 0 26 -151 53 9 -110 102 200 -122 65 200 94 -68 -191 -19 120 -117 176 198 -156 -165 196 43 -76 -34 33 -166 0 -77 -155 -14 48 -144 -80 52 -200 96 200 -143 184 -84 133 -177 59 -96 -80 132 -200 135 200 -200 -40 0 -200 176 0 30 197 -35 164
-42 171 -139 -175 -12 25 102 8 -200 -200 60 200 48 200 21 -200 -126 168 169 164 -51 41 19 194 -22 0 -42 104 -192 -44 0 0 101 200 200 -150 0 179 147 -87 -114 90 -40 -168 -101 193 -97 0 200 16 -44 35 -26 43 0 -120 -92 188 196 -147 -85 200 46 34 -91 -34 -138 -140 122 -87 -182 98 -35 109 118 -177 200 200 -194 -195 18 54 190 -21 -22 33 -39 -68 -87 -200 192 -200 -17 15 -200 -107 -112 2 98 -200
87 33 -200 76 0 -167 -187 -144 90 -121 67 -47 -165 -35 200 0 122 -47 200 -123 -191 0 174 -180 -171 113 -32 -65 200 7 176 -21 46 0 0 200 167 -103 -197 -139 -92 -57 -103 -90 0 11 105 -109 -35 118 200 200 168 -200 -60 -173 -2 -64 -200 -58 -169 -127 0 -45 158 54 -200 0 35 143 -72 0 107 -96 175 97 -70 200 -33 -200 -200 -21 46 200 -69 54 56 176 0 200 179 200 0 142 -200 200 -32 0 194 200
-121 84 46 200 -197 175 -117 0 81 -200 77 151 77 25 -172 68 183 51 -9 -89 -200 94 106 48 196 -200 181 -199 200 -127 119 104 109 130 -30 -115 -47 -200 119 170 -33 -5 -200 200 200 0 128 -59 -134 71 200 126 17 -33 200 -107 200 -161 200 27 -33 77 -6 -165 -111 200 -69 -200 -105 170 1 200 0 -152 -46 -8 112 39 104 -200 0 200 0 -49 -27 -193 -95 -77 90 -56 -190 175 42 200 200 96 192 -81 -88 132
-200 89 200 85 -151 132 -151 91 137 26 -92 83 200 139 -69 9 -199 -50 -151 173 33 200 108 -52 -200 -79 -200 172 -200 -188 200 -37 -4 4 200 116 90 43 -200 0 47 -200 0 -200 200 -106 163 35 136 -147 197 110 11 184 -153 118 -200 0 0 -179 156 -138 113 -200 -134 -156 -118 0 200 -93 -93 0 0 -25 -127 144 -146 200 195 -165 0 -200 0 200 -34 -111 157 23 0 79 0 188 -122 -126 -200 -40 104 0 -47 24
0 71 122 50 -95 28 200 0 110 -11 0 -81 0 0 -33 200 109 -183 -8 -174 14 160 69 116 0 -177 0 200 -104 75 -97 -39 190 -73 200 -200 0 -123 0 200 0 46 -167 -137 -45 39 -102 -84 76 141 -200 91 127 -72 183 79 116 -200 -168 0 0 -164 -200 -185 38 -136 40 60 200 197 -92 -129 -29 81 79 200 25 8 0 182 200 -111 200 -138 0 -14 -180 -200 -113 -127 76 47 0 200 128 -19 -190 101 0 -91
0 -200 112 29 -9 -101 117 102 -181 158 -104 -127 0 58 -186 0 -111 -69 172 54 169 -140 -91 -135 55 -200 -151 -91 16 200 -43 -131 113 0 -82 -200 -157 0 -66 54 200 -198 0 193 -70 0 8 41 175 121 200 153 0 0 -96 -135 200 179 -135 0 -92 -82 167 -1 57 -200 -162 -58 200 -200 -159 149 0 -35 -11 -86 116 19 70 73 -76 -68 -196 0 168 65 -51 200 47 89 0 160 200 28 -152 -91 200 36 -38 -200
-135 0 59 -117 -188 200 101 67 -119 -200 26 -29 172 200 142 -95 0 177 64 -142 200 0 14 -114 -123 -145 -168 189 199 0 -200 -187 109 0 -92 173 130 -35 -7 -185 0 0 88 121 -20 -199 5 -200 200 -69 200 -200 143 78 -156 -42 -176 -200 195 67 10 -34 -132 -200 45 0 -69 -200 152 -73 8 -61 200 53 44 119 200 160 0 4 200 0 0 119 200 183 200 93 -191 -7 -200 -198 -4 144 -187 -107 -190 87 -89 198
-152 -68 190 142 113 135 49 200 -15 84 200 118 -60 0 104 171 -94 -200 151 42 41 200 -22 -96 0 200 6 -173 200 8 -45 0 -22 -200 69 200 -5 -143 153 55 -124 107 -163 -200 -200 -160 0 -137 -83 0 -113 -43 143 -145 -25 -92 176 165 4 -13 -200 15 200 -98 158 -114 0 -44 -200 0 -200 -94 25 145 -197 78 32 42 0 52 -100 -164 200 -97 -75 0 160 -15 -200 -65 -62 -68 174 -195 -16 79 79 -200 -17 -200
-119 -200 94 -133 138 151 -109 200 -200 -5 -164 145 -102 0 140 -200 38 -72 8 86 10 200 0 -200 13 135 178 -76 -68 115 185 -200 -104 169 78 -24 192 200 -200 -200 200 -176 -14 122 -112 58 -153 56 -86 -96 175 -166 118 200 -198 -200 -21 -64 81 34 -200 200 200 -152 -15 -97 118 -63 189 200 -13 0 -4 58 -15 -33 -200 76 200 129 144 156 200 94 -26 104 200 -200 -200 -98 -7 68 171 -27 -152 85 0 -132 0 2
122 -27 32 -137 -164 -3 102 -89 63 46 194 -77 200 -168 200 200 -20 -10 200 -139 0 200 -151 200 -163 -45 -10 -200 115 -182 29 -25 -160 60 -122 -94 198 -57 155 -94 134 115 -200 0 -200 0 149 0 -170 -200 71 -200 140 200 0 29 -29 195 -195 200 0 0 200 -200 -200 -200 -154 -187 -200 188 9 -37 -200 55 50 -34 -1 0 -166 -183 -198 53 -157 13 -200 172 -107 -185 200 -18 -85 -66 -196 16 -192 -159 -151 -81 -128 26
171 -123 0 65 64 200 -96 127 200 65 200 0 3 -162 -200 160 -187 -60 -3 200 104 0 145 200 -96 -43 -90 200 59 144 187 128 -200 -40 0 188 0 -118 162 106 186 107 200 0 0 200 -200 -185 57 -11 -95 187 0 -200 -102 -132 0 200 -83 80 14 0 130 84 0 -200 133 0 79 -140 192 -18 130 -55 157 -73 39 0 -21 164 177 126 -152 -133 -21 14 -200 -122 -200 -170 -126 -36 -102 0 0 0 -184 -75 144 -176
-56 -196 192 154 -200 47 -6 98 -135 -95 -200 0 -67 130 200 117 -66 42 200 -172 -187 12 -200 0 -166 18 184 -200 -142 0 0 180 63 -140 -200 200 108 -118 116 0 177 -160 -129 -52 15 0 117 -200 -200 5 -200 -7 -3 -103 200 90 182 54 -82 16 -187 -151 88 15 62 -189 92 78 -200 106 -59 200 16 61 110 4 200 184 -79 2 0 200 -138 0 129 -144 -17 14 0 -200 146 0 107 192 -52 129 -89 -174 -163 200
39 125 -75 57 200 16 -57 -149 -99 200 -77 -127 -143 200 192 0 200 134 200 200 200 -107 -180 -36 107 145 92 -37 -150 -5 38 36 20 -86 28 179 0 153 -198 40 -95 0 93 125 124 198 -200 -56 200 93 124 -200 28 -51 106 -129 -2 158 -200 200 64 -2 -4 99 -163 -84 -72 -103 128 -72 -119 198 0 200 2 67 200 -113 -34 148 140 200 -200 -197 0 -200 45 52 -200 -200 126 -22 200 147 166 -200 148 -100 -163 -13
-39 200 -142 -191 -51 190 171 -200 -163 75 146 97 -119 -110 69 -200 5 200 54 0 31 66 200 -168 105 -20 -76 -196 200 127 -67 43 25 24 -160 73 200 200 -88 -106 -121 -115 -200 0 200 -94 -200 135 -40 -8 -81 -200 200 102 139 -131 62 -200 160 0 0 -158 -113 -124 95 0 -59 0 98 53 4 108 -53 0 200 -200 -33 76 193 -200 75 -69 -56 -47 200 -128 72 200 -200 28 -82 -111 0 200 200 -119 -100 55 -131 0
-189 -200 0 -81 0 -41 110 -60 -51 180 -200 140 -165 200 -68 138 -143 90 -46 200 0 200 111 200 125 -157 190 -200 0 80 0 -191 -13 -63 0 0 81 200 48 -88 -96 200 101 -54 -200 8 159 -94 -96 -130 -6 -200 108 161 113 64 19 -78 78 0 -191 -146 -89 200 -68 -44 181 -34 -200 106 200 -63 131 200 -30 200 -145 0 152 -2 106 -52 194 182 -68 22 100 28 200 0 -54 76 -200 62 175 22 -154 -72 0 -107
0 182 200 33 -96 -154 -6 160 199 200 -23 -107 200 184 171 55 -77 -161 179 200 106 0 -93 -158 0 -161 -134 0 -10 108 -196 200 -150 -102 -5 168 -54 -78 0 -114 19 51 -59 78 -200 156 -200 -182 144 1 -66 0 -63 -37 0 -55 46 143 93 48 -110 200 182 200 -88 -200 35 -172 -200 0 -171 0 15 -200 131 -117 14 0 30 -200 -190 0 -200 -200 117 62 -200 75 0 98 -64 0 0 200 -158 160 200 19 136 0
-200 -200 0 -7 -132 184 -10 175 -61 -178 144 -153 -6 0 -85 59 0 -7 -16 124 -103 0 79 -200 152 -35 126 0 105 0 -52 -2 -4 200 125 -73 200 78 93 0 -119 200 135 -164 154 -167 98 139 -200 200 200 48 -12 38 58 -200 119 52 200 75 144 160 -80 155 -3 200 -200 -45 -200 -37 -118 -200 200 -9 -38 -200 -22 -199 0 10 66 131 182 -197 61 13 -182 0 200 144 0 74 -173 -50 -52 109 200 200 -152 158
200 32 181 -138 -158 -178 -110 200 89 0 64 15 134 200 138 -181 -95 59 162 61 -156 -35 -102 -114 -100 -118 36 -200 44 196 105 179 -200 -151 64 176 200 -184 200 200 -11 46 200 -141 186 130 -200 200 -186 150 47 40 0 158 0 154 78 0 118 -127 174 -36 -40 200 0 -192 -10 -13 66 -200 -33 200 0 97 -79 98 -5 200 -79 154 200 46 14 200 -106 61 200 0 -148 0 -158 -200 171 0 -200 88 -87 -25 -179 -39
136 -149 200 0 51 57 37 -200 200 200 142 125 41 -145 27 8 -139 124 200 0 -59 -58 165 -32 0 -129 -141 -135 -119 -20 0 0 0 -190 153 -116 157 10 -200 20 -104 0 162 79 -148 78 82 200 65 158 -2 150 -23 62 -151 173 43 -200 -163 125 200 161 -181 100 0 -44 -58 -38 58 -17 102 -66 -87 0 82 49 79 -167 -4 -4 -96 113 135 29 0 -194 -109 -118 0 25 -33 178 36 0 112 190 -177 -200 -109 106
-20 0 -200 -117 107 -184 83 -163 0 0 25 -129 -141 -194 200 -200 198 0 -141 92 -113 150 -200 -139 176 -200 199 16 -200 -145 -91 -72 56 117 -35 0 200 -88 -90 -195 20 66 -148 60 -200 -30 -172 15 164 93 -38 0 -171 -46 -200 101 38 -115 -200 163 -173 0 0 194 -38 -120 -56 23 -133 199 -132 -86 1 -200 0 -200 108 19 186 92 -183 0 68 -169 114 7 -166 -158 -7 200 139 -102 200 -172 200 0 -126 83 186 -200
-33 200 -200 200 -146 -194 -163 59 -129 -107 175 -23 0 200 200 -59 147 0 171 116 200 192 -21 -81 -176 200 26 -95 -56 117 62 99 -130 -17 200 79 191 138 -101 183 -74 200 -144 -192 -91 102 0 200 89 -114 196 186 0 146 -193 0 0 125 -167 -63 -181 0 200 -200 185 33 -194 -34 156 128 -43 -200 -18 16 50 27 -78 -32 0 0 -174 -146 0 200 -135 84 65 71 -200 169 -136 4 -126 -70 -107 -61 66 0 -149 156
200 0 200 186 172 -19 -200 76 0 -131 0 200 -106 0 0 174 -135 109 -161 -84 79 200 -52 -1 -200 134 118 -200 -155 19 200 0 -180 28 -123 -72 69 0 -191 -181 -37 103 56 158 101 179 107 154 151 200 0 188 -101 -35 -200 -185 200 59 200 7 33 109 -52 3 200 140 -107 0 -167 158 26 -200 3 -1 47 44 -200 0 175 -200 -145 167 -61 106 66 -137 -200 0 -148 19 45 200 134 -35 -191 -200 -81 -93 0 197
185 0 125 -200 143 -89 192 -104 -60 198 -200 -67 200 34 37 -200 129 35 -25 0 0 131 -41 200 -6 -62 200 0 -150 95 0 98 -104 -169 127 123 -100 -151 -71 -77 -35 -200 0 47 200 -200 -73 -91 131 200 -200 -66 -179 -15 58 -160 98 -74 200 -39 178 122 -14 -69 0 200 121 104 55 -151 0 138 -122 -94 200 95 -200 -124 -197 45 -200 200 -194 55 200 -137 0 -200 200 78 -60 -53 131 -160 200 -187 -61 190 0 -12
-45 -38 200 153 67 134 -8 6 153 44 -200 -27 0 144 119 -108 154 -200 0 -200 -181 150 200 -52 -38 32 128 0 75 163 -25 -196 -188 23 136 -116 -141 5 200 0 -59 -134 -189 64 83 115 133 -66 -117 -200 -81 0 -200 -49 103 0 12 142 188 11 111 141 186 -64 200 -200 -122 200 -152 200 0 0 -28 200 -48 200 187 -7 71 37 65 0 164 -92 -42 13 -185 0 -92 -146 179 0 138 200 -62 100 200 -105 4 -23
181 -171 -153 -97 200 -112 135 200 155 125 15 -64 200 -154 0 74 -65 0 152 -56 -47 -60 -5 200 191 -200 119 -168 60 -181 -55 -172 -20 -112 55 135 -200 -122 -130 22 -19 -74 0 -172 41 -139 -67 -56 104 -200 100 197 -98 -109 0 1 156 -98 120 200 85 84 -192 -74 -156 200 0 200 200 6 77 -200 200 111 200 -142 57 47 200 62 -200 0 -95 200 -75 0 110 67 -176 0 167 74 0 -100 65 67 -60 -26 40 -117
151 -48 -47 200 200 -200 -9 -178 -139 -47 1 -145 198 200 8 -64 -92 147 200 83 149 -200 -44 200 124 -200 136 16 200 -19 -108 0 167 157 -63 169 200 -17 -139 61 -139 146 200 0 0 -35 -58 -73 -107 -53 27 -114 -54 99 -130 89 -160 -58 56 -200 98 -91 -115 -151 33 20 -200 -137 120 41 7 81 -106 200 200 -192 -200 105 -5 150 -94 -200 15 -55 -11 -112 0 -114 -115 -200 200 -23 -172 10 200 97 -56 200 -55 110
200 172 -166 -141 -200 29 -75 174 200 -59 122 135 0 -61 2 46 -200 0 200 8 -132 -102 -200 -111 88 -155 59 130 26 87 -171 -158 -123 -51 -74 33 0 0 -197 26 88 -200 148 116 12 -35 -25 172 -53 -200 -63 77 -130 0 25 -29 -128 -151 -198 196 0 124 -117 1 172 31 179 -145 129 157 -196 200 91 161 95 -160 200 -200 -139 57 149 197 43 32 65 200 70 171 194 200 36 -145 125 -144 -174 46 16 -157 196 -63
-77 -186 -147 0 0 53 0 115 -50 200 156 155 -42 54 -132 -197 -121 90 -200 150 -102 200 56 200 -20 67 200 0 197 200 -37 0 198 0 44 9 -200 65 -4 -143 -138 200 200 200 -143 21 -165 200 113 -8 13 -200 198 -200 138 37 -200 -48 59 -15 -48 160 -19 0 -50 0 200 68 0 -179 0 168 0 -66 145 200 0 -200 172 0 -200 132 53 200 -190 -164 70 -112 -90 -114 114 200 200 -200 165 -200 27 -144 129 200
180 -99 104 19 130 84 -61 24 -111 200 93 40 96 200 90 -167 74 -185 27 200 -174 -92 -166 50 200 -170 -3 33 200 73 0 83 64 -186 50 200 0 86 -2 -106 -200 -200 200 -194 192 -200 -41 86 200 25 -200 -42 -100 144 -37 -11 123 190 40 -114 -91 -109 -30 -146 -49 83 -61 200 -43 200 200 -67 -146 -182 62 80 -26 57 -145 -68 132 200 200 200 -39 112 173 -86 200 -1 -185 -109 -125 -17 156 -15 -58 45 200 12
-200 17 -50 -200 0 10 0 -200 -200 108 194 -49 35 200 -177 95 0 200 147 -189 87 0 67 -144 93 -78 200 134 63 -200 119 -130 -200 -15 74 -73 -26 -200 18 0 0 0 107 31 -122 -181 104 190 -26 46 -107 -200 200 -22 -115 152 -95 0 -66 0 -72 -159 0 -38 18 0 200 -186 47 166 11 200 0 -87 -200 190 200 54 -58 -33 200 0 200 -92 149 71 -200 -51 119 200 -200 -200 44 -200 138 -140 -111 200 0 -98
-163 175 -47 139 -200 0 150 -118 -200 192 173 0 128 0 -93 -200 -168 200 -156 -124 157 -54 134 0 -167 -22 28 117 -27 0 200 67 -137 -174 -200 31 200 -114 -52 0 200 0 33 -170 -37 84 -71 0 -200 -50 6 -177 78 -146 -44 0 -200 126 93 139 74 102 146 -29 -113 -157 8 0 -136 -186 -14 -126 0 -37 -105 -78 44 -57 -198 43 -118 -85 -162 9 166 -27 157 176 -175 53 -112 -200 -200 -200 -127 -200 -122 -195 27 -200
0 -101 200 109 192 24 70 176 -148 -194 -111 -95 200 184 76 -110 -70 187 200 -159 -120 -198 -134 0 12 67 -183 13 0 53 200 11 -23 184 30 200 0 -129 7 200 -200 40 200 196 200 145 83 -9 200 -11 -20 64 -166 -79 200 143 27 60 -17 -75 7 -200 186 138 -154 200 -135 10 -200 -180 132 200 137 0 -132 183 95 -132 161 192 36 200 -133 73 95 0 140 180 52 5 198 3 110 -25 140 72 -200 -17 -38 -76
74 -70 -29 142 -200 -200 200 -200 200 11 200 170 65 200 0 -112 189 146 0 0 -67 -184 112 143 -38 -200 -61 -71 0 -200 -12 35 -176 -129 12 -200 125 76 -135 -124 61 52 -177 -200 50 -155 142 0 -111 0 -144 65 -200 -72 -28 -114 -200 196 102 198 147 90 200 -109 -11 60 0 131 -159 147 102 170 -68 0 99 0 195 140 156 0 -23 108 1 173 -136 34 177 -127 -200 16 0 -200 0 -158 6 98 0 44 0 200
0 181 200 -200 87 76 88 -177 -79 -188 -110 -85 -22 -187 173 0 200 72 -86 -33 141 200 6 14 -11 -135 0 200 23 0 -7 -123 69 -123 -181 0 -200 0 0 -76 123 165 -200 195 167 160 175 200 63 0 143 200 49 -75 -160 0 -96 -171 -146 200 55 28 -50 -102 200 50 -14 200 -124 -68 0 0 151 58 12 200 -188 -134 80 -84 176 -134 -48 145 -200 -181 166 -151 153 0 -143 -63 39 -200 188 200 -199 -167 0 64
-29 -30 0 -86 -68 -145 -200 -196 -34 0 -39 -34 166 0 52 -133 -138 200 26 85 -170 -200 -199 156 200 0 -200 -200 -132 140 -45 -200 -142 0 40 -105 3 0 22 80 20 200 99 142 -200 176 200 87 200 -32 154 -89 -17 0 151 -34 142 0 20 92 -98 179 -145 -181 116 0 -5 0 -79 -200 0 3 -168 21 -78 -1 200 -69 0 200 189 -25 -28 -131 137 0 181 84 -12 -126 200 191 29 -87 4 0 -164 -200 -139 0
-19 23 194 -117 16 200 64 134 102 200 11 200 200 -139 99 -117 0 -169 -98 60 63 -161 21 -127 -139 0 -101 10 -200 142 -82 121 -24 -146 185 -87 -138 -200 -200 -187 -200 -97 49 36 153 172 -72 -157 -109 -68 0 -153 -56 -109 125 -16 0 26 27 6 181 31 148 165 93 92 149 137 -155 117 0 -182 80 -2 -82 186 -200 200 -108 93 35 -200 200 -80 -200 16 -31 -112 -190 151 -34 -200 102 0 -61 123 145 -7 -153 -200
171 -200 -54 103 200 0 -200 200 -200 -140 177 200 -200 0 152 52 -200 -200 -52 0 200 -169 -55 -138 -50 -200 0 -157 49 200 -3 -191 -169 -140 0 157 186 -200 182 -28 134 0 163 200 178 161 -200 -139 95 -200 192 103 -157 0 54 -23 87 191 -167 10 200 101 -121 17 -71 117 140 -73 109 -173 -133 43 -71 -81 -118 165 150 -200 122 -197 0 179 -40 36 -138 131 -91 -120 -120 -126 -58 -185 -22 -87 -19 -180 0 112 200 145
0 200 46 190 10 -39 0 170 200 65 -148 -141 -96 170 45 48 198 -96 36 -148 -200 0 -79 21 -24 200 -19 142 79 -97 170 199 58 121 -57 -78 -200 -90 155 -199 -193 168 95 -188 142 173 -122 -192 -180 34 0 0 126 44 -200 -81 200 0 -200 -192 5 200 -195 0 -35 0 -185 28 114 -182 -27 158 168 126 -100 -144 66 146 -200 -60 -200 189 9 34 200 -55 196 153 0 -80 159 0 172 87 89 -149 157 126 0 -128
114 93 75 -73 0 164 0 -197 88 200 -166 -90 104 -196 -60 101 0 -3 -167 0 200 200 50 79 4 32 76 -65 -108 41 82 0 200 174 130 54 -52 64 165 -162 -200 145 0 195 71 115 107 23 200 -142 -200 0 -121 -147 -164 178 -81 -182 0 46 0 -56 -154 0 73 -165 0 37 115 -48 -99 -170 -200 0 -25 88 186 200 167 -112 200 100 -13 0 200 -149 -197 -200 200 -148 -46 0 -119 47 0 -200 151 -112 -98 157
0 -147 0 -95 -200 -200 65 -22 172 38 109 -184 0 -39 -200 -131 -113 32 83 142 119 -44 -200 -163 -124 132 -60 -172 52 137 -164 31 -200 -122 58 0 98 -43 -27 43 -140 -136 -196 18 -178 -200 38 94 -168 0 -48 68 -100 195 133 -103 -147 -45 0 194 -200 -90 0 0 110 200 -14 154 -157 -21 200 63 132 17 14 -166 59 13 -99 169 0 14 24 185 172 -28 128 171 -30 -86 188 -197 178 55 -42 -200 27 0 -104 -142
-200 -158 -197 -8 -63 -194 19 -80 -75 100 141 -200 145 38 -88 29 0 -42 -29 140 -200 169 200 -137 -79 158 171 -77 0 -186 0 -74 200 0 72 0 -87 -21 101 -182 47 13 17 143 33 63 152 0 0 -121 -62 -95 -31 -15 -102 -85 -7 0 200 200 0 -172 145 0 -200 171 -189 0 56 -75 -200 26 200 200 200 0 -57 -200 111 -10 -177 0 -143 -164 9 127 24 -97 0 -200 -200 -15 86 160 -14 119 -200 191 35 92
-71 -94 -78 24 37 -126 30 0 59 47 -186 117 140 -112 200 -160 -200 -178 200 114 0 200 -113 32 -200 -121 11 -183 -32 151 -200 -171 -12 143 -153 -106 20 99 -200 -13 -114 86 7 0 0 118 -198 0 8 -161 168 174 -168 108 -200 200 -200 200 30 0 38 165 197 191 200 -40 55 62 0 152 64 -129 28 -200 10 -17 4 0 -93 161 200 -164 0 -200 -58 -79 15 200 0 109 -200 192 103 -200 -1 95 154 50 200 -58
173 171 -182 0 0 174 104 -143 10 23 9 -109 -200 -38 0 -123 -200 93 161 68 0 139 167 200 42 110 -173 200 22 198 169 -200 129 0 32 -41 117 0 -19 -31 179 -94 -94 -135 99 -19 83 98 95 -46 -200 -44 -43 0 200 -20 192 -199 47 180 -115 0 -131 -45 -153 43 65 -197 -199 45 109 158 177 15 200 -63 142 200 42 -200 0 -169 -97 8 105 181 -78 94 160 -196 -102 -200 -46 -100 136 -173 -108 -76 0 -187
200 -200 192 4 -153 -151 0 -7 -128 200 195 178 84 166 -80 76 -179 200 -172 200 107 0 -54 22 163 -26 0 -200 200 55 -48 -99 200 195 -47 200 -52 93 0 -20 -31 -122 134 200 -175 2 3 -1 -57 -107 200 0 -175 198 53 0 192 -128 106 200 -200 0 -24 0 48 121 -200 38 91 -200 195 174 -200 58 137 -200 116 7 200 -200 -104 56 200 -100 -200 197 -200 -53 -78 196 -118 -85 72 -60 110 -166 -200 91 91 -38
200 140 -99 197 8 -81 -197 11 200 -162 -124 100 -126 200 -183 104 -194 -47 0 0 200 0 -176 200 34 200 6 17 47 27 -96 -200 46 -82 -101 -200 72 200 -187 39 -144 0 -52 -16 0 -200 -58 200 0 85 -67 55 42 200 -134 7 165 -200 -200 200 29 -121 191 -96 102 -54 5 149 -70 -77 170 -200 99 200 40 200 -104 57 127 -149 84 -60 -200 -200 148 -6 -200 42 0 -15 200 200 126 -200 0 90 -200 200 -180 -160
