1 97 200 93
0 -83 40 -200 200 157 127 0 -200 135 -200 200 39 200 -192 -127 85 180 -157 -141 18 18 -37 -200 120 -1 198 62 0 -86 -98 129 -162 28 31 -200 -102 186 -147 -193 11 -151 -99 -84 0 75 67 -30 -148 0 -135 -40 -7 150 -131 0 -105 0 66 57 -63 -89 162 -29 120 -200 -49 -100 145 200 -4 -48 0 193 26 194 -77 0 -180 -20 -165 0 199 0 -200 -138 0 195 118 165 200 13 80 64 0 -51 179
55 -181 12 195 -46 113 94 -34 8 -11 200 200 55 0 -200 -40 -107 -87 190 -200 86 -73 -134 122 66 118 -200 -71 1 -45 -200 -54 196 0 0 131 0 -118 -63 136 -143 0 155 200 -200 0 88 200 29 0 70 -181 -115 -5 -134 -189 99 -96 -64 0 0 54 -86 -70 53 -55 8 -182 -35 0 -97 105 136 104 98 18 -80 -117 -192 -89 -83 189 18 126 200 33 -66 -49 96 -136 0 149 79 0 -134 97 144
-153 89 200 95 200 -183 0 -111 0 72 -50 197 0 0 156 -200 157 -55 -55 82 -5 -102 169 -128 -200 -87 -7 -22 -8 -162 -200 9 129 -7 65 0 -182 180 145 -200 -200 188 -42 76 159 61 -200 -21 142 104 0 -174 -115 179 -41 -103 0 119 123 200 -90 -193 -200 77 -124 200 163 30 -187 -162 144 -105 -194 200 -143 -5 -111 53 106 109 129 -144 -99 122 -49 9 50 -200 -68 -90 147 0 0 -199 200 -62 -189
0 -53 0 -37 -200 160 -108 -60 117 200 -177 -14 -200 31 141 22 -200 155 -200 197 25 -18 -132 186 -186 -187 168 -66 105 0 82 200 -26 200 -5 -26 146 -200 0 -200 200 -135 191 0 200 44 -135 141 -12 -18 -200 83 -98 21 -196 -185 0 -166 77 200 -200 0 -200 -98 -97 200 -182 -118 149 -200 -200 -200 200 62 -124 185 -59 134 -37 86 -200 -106 156 -200 90 -141 200 37 0 -76 183 19 160 0 -200 39 -127
0 147 -26 -15 30 155 193 -70 -15 200 200 117 126 -200 -155 -188 -194 -11 15 -128 -152 -74 104 68 18 72 -49 191 200 188 200 0 -113 -183 200 -153 0 5 -103 -196 -143 -34 -196 -200 187 115 -42 -6 67 -107 -40 -200 37 0 94 140 -31 200 45 -200 0 -190 184 -200 200 -165 0 158 -187 -200 30 -112 0 -199 89 136 200 -185 -31 -200 200 66 -117 73 192 -60 -113 60 0 109 131 200 -30 109 -64 200 -27
-171 76 -200 182 0 -200 181 -200 -90 35 191 -25 29 -104 -144 -72 103 135 -123 200 2 -156 91 144 43 121 -146 168 -200 0 -196 183 106 136 0 -156 102 -98 -182 75 81 189 -2 200 -125 36 191 -168 -1 12 0 -186 -30 -74 177 -45 199 -175 91 10 0 200 77 0 0 150 75 -137 161 0 -195 -63 -176 -135 141 119 -192 -200 200 0 -35 -112 124 -44 -163 -130 -200 -200 149 197 -53 171 -51 200 -154 36 -200
112 177 -169 200 -126 142 -91 -101 -134 162 130 48 0 -27 -114 2 200 90 200 162 20 200 23 -136 -145 -151 1 58 -129 103 -6 -200 -138 -97 -185 -183 -72 -178 172 0 123 0 167 67 -139 0 48 200 -55 117 -200 139 54 -85 118 65 97 0 55 145 -200 -54 -43 22 -53 -200 196 200 17 0 107 0 -200 190 200 181 118 -200 156 95 200 177 -140 62 38 0 -128 -200 67 200 0 142 46 111 -155 -28 0
-48 73 200 -69 0 -166 -17 4 -200 98 -164 200 200 27 53 173 -141 -200 -180 -101 -200 7 200 52 171 -169 -60 166 -45 -200 26 -137 -10 106 -165 0 -54 -167 13 86 -158 50 200 200 200 0 23 200 -179 151 7 108 131 122 41 72 -61 0 129 14 0 -200 95 188 0 -117 -46 -101 147 -90 -19 63 -153 -154 101 68 -200 180 74 -200 -1 165 181 -200 184 145 200 -48 -40 42 0 -125 49 165 -22 0 46
-32 172 -118 -200 32 -123 -192 1 -193 46 31 -137 0 0 0 75 -85 0 -78 -80 26 -198 -59 0 -136 111 29 200 157 -200 -86 29 181 -169 81 67 -141 -109 -10 120 -6 126 139 -114 -170 53 71 -196 -199 144 -111 54 74 -52 -137 0 -82 0 152 200 0 -200 200 169 0 138 -52 200 0 179 159 0 0 -200 -81 153 122 197 0 56 -198 -73 -190 -179 16 -200 200 174 0 88 84 200 32 -200 -200 87 0
-75 130 -200 49 200 -69 -199 184 175 75 -22 -29 0 161 127 8 112 200 93 90 0 -59 106 182 200 200 -115 -63 161 52 144 -50 82 -26 200 -92 197 -38 200 151 0 0 178 -57 -34 -16 -200 0 -182 -77 -84 22 93 -200 200 184 19 -147 169 200 -119 -160 -40 149 0 200 -28 107 200 0 -157 59 -58 0 47 -71 -87 -71 -57 0 0 -68 -41 61 126 -158 129 -168 -88 0 -200 -110 188 175 -16 119 81
36 21 196 -141 200 -3 -162 143 -69 -90 28 -42 90 8 -83 25 -159 30 0 -28 194 -22 -149 200 -165 -43 200 -200 147 183 -73 -34 -116 0 -52 137 -79 -37 -130 -200 0 -97 0 200 0 -130 146 6 -27 125 200 0 -200 -200 -12 -123 -167 179 200 0 70 -18 -200 -23 1 -10 -47 -2 0 94 -200 200 -27 -180 40 -17 -199 -200 -144 16 -124 -1 -177 37 -55 -103 -200 -68 -74 200 90 -97 -71 -150 43 -200 149
-10 -69 -200 76 146 96 -24 -168 -77 155 23 -200 46 -152 -111 -29 -46 200 0 113 -78 -100 0 3 0 -76 -44 87 0 -200 170 -133 179 -78 10 -34 -101 173 -45 200 197 0 -30 179 107 8 -200 94 -167 -200 200 -102 137 -3 -131 -25 -92 0 176 0 -183 -200 118 87 200 -57 -200 -97 200 -200 -137 -68 0 40 33 17 -119 164 0 133 -37 20 -65 200 200 -200 -116 200 6 181 -200 -122 191 200 -86 153 -200
-104 200 190 -126 -87 0 8 8 0 -200 98 200 -164 -29 142 -200 121 117 64 -200 -199 200 -194 145 0 -6 200 -87 -70 109 -200 -190 -180 -144 9 0 178 87 -197 37 85 0 -182 -155 200 44 -154 -110 0 -54 -200 157 200 0 6 -120 50 -10 -200 -2 188 -200 -167 47 -200 79 0 140 196 188 183 189 -67 -56 -36 102 -6 -17 -200 123 0 52 -114 0 85 165 43 79 -200 -69 0 -191 -78 -142 -118 -44 77
-153 -47 -50 192 200 200 10 -104 -39 -27 14 142 77 58 -144 -57 -102 146 -150 -200 -158 0 87 -152 -172 200 -57 -79 200 111 164 42 105 -162 200 145 -200 0 -200 -200 28 -69 176 126 0 -114 -76 0 -66 105 200 -136 154 -135 0 150 153 27 -200 200 152 200 185 44 0 200 200 124 -135 4 -128 -88 46 200 -200 -102 76 73 -59 200 -49 -104 0 25 -86 182 100 192 101 0 74 131 165 -45 -72 -81 -46
-200 -200 125 66 -172 -174 91 184 -188 -200 177 -176 200 200 -96 29 0 0 200 90 -112 -42 64 44 47 -200 -154 36 -135 -200 21 101 16 200 105 189 -200 61 97 -83 119 72 143 -200 33 0 -31 -200 -185 75 150 55 200 -130 -69 -73 7 0 102 52 92 176 0 -111 -36 -200 -200 0 -12 -88 115 -175 -124 200 -5 -49 -146 -86 -163 -98 -10 77 -200 0 -42 15 -21 120 -106 80 200 101 200 -200 -200 -176 200
200 -120 0 0 -58 0 -30 -200 0 -122 -73 54 193 -29 27 -132 -141 0 0 154 -111 200 200 0 68 -95 0 -136 117 -38 -200 0 -200 200 180 -170 -110 -24 -200 -115 -200 -193 -129 -185 86 -33 120 44 200 0 180 1 -14 0 0 0 76 0 149 0 -200 -200 -189 158 -96 -61 50 -106 67 -153 -58 13 21 -81 152 125 -41 0 143 -200 115 0 76 88 -43 -156 115 200 -33 -200 -147 186 -98 200 -13 -166 0
122 -33 17 64 -200 90 200 -187 0 200 54 59 79 200 -171 -170 44 0 -34 -148 144 -7 -66 -166 200 16 -200 0 0 -200 160 -200 153 7 -67 -35 0 -200 -200 66 162 -14 31 0 -72 -147 63 -73 200 200 -99 200 156 -43 -93 -130 -149 16 -75 82 122 132 36 -104 200 84 111 172 160 -93 200 -83 -58 200 -173 31 -125 124 65 60 -94 -196 199 103 -112 177 126 -162 19 200 54 57 10 -200 179 0 0
107 -126 -183 0 66 -194 -94 175 73 -52 -100 200 130 162 -147 -127 -147 -182 -18 -119 159 173 -13 0 17 118 159 29 -60 -142 -162 188 155 41 -3 0 59 -182 97 0 200 92 190 56 -158 58 -6 22 -200 -91 200 0 189 0 197 -200 -56 31 106 71 -24 -53 -167 89 200 -200 200 -100 37 0 -200 200 119 -43 -200 178 -99 -74 -147 -125 48 -78 180 25 -146 -162 200 -81 178 -93 69 -165 0 -33 111 142 -100
167 -49 -100 -39 0 25 -200 -142 -95 -200 -18 137 153 -200 -181 79 -10 0 200 26 0 195 170 -182 -124 -43 38 0 -20 -150 200 -18 200 -126 95 10 -122 121 -85 -110 -57 200 -39 -156 5 46 0 0 143 -200 1 -200 200 -15 -34 -199 141 -110 64 200 164 -156 -200 0 0 -47 -26 81 28 -59 -187 -88 200 -98 2 200 11 147 0 -99 -112 -68 165 -165 136 -43 -39 42 105 -96 0 200 30 -200 0 94 191
-11 33 48 142 178 -80 -63 -77 -98 -29 -53 111 -190 80 -69 -174 -12 -113 -102 200 -158 -11 141 -45 200 27 -200 0 10 -129 33 -16 -62 181 31 -110 31 -99 -166 -127 137 -117 -200 -141 180 67 172 82 -30 187 -93 -107 -2 -130 4 -73 18 43 -24 0 -140 -15 200 -70 -1 -200 -90 -17 193 -145 109 194 -149 -110 -200 -200 -54 -195 -163 -36 26 -38 0 -200 -200 45 200 200 39 -97 0 0 -193 -34 187 -200 0
76 -200 -198 -30 -140 -200 -4 -200 59 184 132 41 200 89 -176 61 200 85 0 47 200 -141 -200 84 0 0 -132 0 153 -200 193 -163 125 -184 13 -11 -199 0 200 -17 -166 97 0 -200 0 -3 -200 0 -200 -200 0 -200 178 117 200 -196 -23 178 0 200 0 200 173 120 0 52 -151 -81 200 -93 197 105 105 -90 -71 -40 7 -163 145 15 9 -159 99 95 -27 0 -101 0 0 -57 -176 -193 -167 164 -36 -56 125
5 187 6 -112 -200 58 58 -197 78 200 -177 97 0 -19 -177 -41 81 -168 117 -45 0 66 -23 -27 0 -124 -172 7 -161 0 -129 75 -36 76 103 0 -162 200 -82 -95 -200 81 47 -200 -156 -144 200 -14 19 -74 162 -45 -146 -145 98 135 -105 -3 200 -52 173 -91 -200 61 0 6 187 0 0 -168 200 -2 121 0 -142 18 140 19 0 145 200 -161 -88 -178 -100 130 129 -151 128 -117 -200 6 200 114 -198 200 -131
-59 -144 75 61 55 -26 -179 -154 -131 108 200 -192 -200 0 142 0 88 0 -113 -21 200 -200 200 -135 98 -84 8 200 199 23 168 200 200 113 129 0 0 77 56 0 60 62 -200 -45 -14 133 12 167 -200 200 21 -200 200 153 -200 -127 198 0 -165 119 200 14 -198 -105 34 129 -85 46 -104 200 112 125 -64 -172 -129 0 9 122 -200 -85 -37 -18 191 0 25 200 41 65 -200 0 -71 -200 21 -200 200 -188 0
-112 200 121 200 -196 60 -43 -167 0 0 -200 -72 181 0 -28 173 -198 -167 91 169 129 65 0 0 -171 -28 35 0 -200 56 183 -69 200 200 115 -13 187 179 179 0 192 67 105 -43 0 0 -34 -53 -143 200 -200 -4 -135 100 -194 67 -200 133 49 164 -131 -91 190 98 -143 -200 0 123 11 0 -197 -200 82 0 132 -116 -200 200 66 -86 138 198 -98 0 -69 66 161 70 -166 -133 0 0 -181 -22 0 55 142
35 200 -5 -103 -91 -93 -117 -187 -200 -57 41 -200 29 21 88 -77 -23 -14 0 -87 8 -97 187 0 20 195 0 -60 200 143 159 -200 -103 66 181 83 0 122 200 -114 -25 -174 -98 -77 200 76 52 -4 200 0 -148 -11 136 183 200 -135 80 0 0 200 0 0 -200 0 -102 -69 -189 -151 -120 31 200 47 -146 200 -110 61 25 -116 -170 -88 -200 -10 -200 -51 200 200 200 -10 200 -200 0 200 -126 149 148 22 191
200 200 -200 -106 -170 98 0 -13 0 -44 172 -196 132 -99 -62 145 0 -18 -157 200 -149 29 -7 21 -10 -200 -142 29 -59 -200 -185 54 128 -105 -144 0 27 200 124 -33 -24 200 132 157 -185 -168 200 -135 99 164 -133 -95 58 -142 29 -144 172 200 77 -117 0 -129 -40 -184 -151 6 188 0 -80 -200 -166 0 -42 200 74 -200 88 129 -200 0 0 -200 -200 200 -200 157 29 -46 71 59 200 14 -185 129 37 -200 200
-99 -131 -48 140 -84 -22 195 200 161 -15 200 -200 -71 -162 -168 40 -58 -200 0 200 -172 100 -117 0 0 95 143 0 -153 198 -105 -200 84 -43 -101 146 88 18 142 -169 181 -126 -110 87 0 10 100 0 117 -30 136 -176 -196 -78 -92 -157 -171 -179 20 -200 0 -38 156 0 -62 -181 -200 -98 -149 96 -87 200 78 -200 -184 97 -111 -118 148 11 153 94 125 -167 -200 38 -200 0 60 38 0 0 112 0 196 141 -120
-200 0 -132 -55 -142 -10 197 200 118 13 197 -16 -158 -109 -186 -15 -119 185 0 -200 65 200 180 167 -25 -161 -200 -147 52 -135 19 0 -200 200 -19 114 3 0 -139 0 -200 -169 -98 -178 -2 154 158 -19 -122 89 -151 200 52 -8 0 -78 200 79 172 142 -10 -72 200 -200 -167 200 0 156 -152 91 -181 -17 0 -200 -200 -200 -98 108 46 -200 97 200 12 1 -115 -50 -196 -178 192 200 0 0 200 105 46 186 89
-99 -200 -200 -200 -200 -167 -11 55 -9 200 200 -135 -169 -12 -44 -168 -200 0 -3 199 108 200 0 25 49 193 126 92 200 -135 -114 -200 200 -185 -167 -15 91 128 70 -107 -29 -33 92 -82 59 0 44 0 -63 -179 -132 -181 -156 145 -95 72 -200 0 -107 0 -44 200 -31 86 -11 -182 -200 -13 69 45 -139 163 188 -180 149 74 -4 80 -200 -200 200 107 17 -152 109 125 -42 79 42 -106 -200 79 200 -119 200 192 -176
95 195 200 145 83 -198 -50 -35 -138 -128 -7 115 -90 -128 18 -200 74 197 186 43 -14 55 140 137 0 0 119 0 181 170 3 195 -38 0 94 56 -122 -130 -91 47 -45 -197 -87 200 165 200 200 154 -5 136 51 17 -74 150 -200 -165 -119 -200 -146 -200 143 -128 -200 -133 0 200 -20 0 -43 115 -200 -81 -200 183 0 -6 174 14 -75 -198 0 200 -200 -169 -135 23 134 14 166 65 0 45 29 58 0 -109 -173
0 -17 -170 200 73 1 -85 188 -71 -194 -52 -155 200 -36 -109 -179 -75 -160 -200 34 36 122 89 -35 200 11 -200 -27 -28 -195 -143 200 -161 115 200 -200 144 200 -26 -3 -134 -96 200 -63 -172 -169 200 -200 -154 -35 55 -200 200 39 -200 -52 -33 175 -200 90 200 -34 -74 -63 144 91 -200 -63 -170 43 -152 63 172 -98 -150 -164 100 -66 4 -126 71 200 -133 0 -105 41 176 -44 -69 -200 15 -176 -200 124 112 0 33
-200 159 159 200 200 200 115 128 70 168 139 49 -169 -173 -175 129 108 -200 192 0 0 -110 -200 200 0 -157 -132 -200 -83 0 42 -195 0 -200 170 117 64 169 -45 -133 158 100 89 4 0 59 195 48 200 200 -72 174 164 68 0 -156 17 -165 79 0 56 -99 -2 0 0 -65 149 200 -200 200 178 -122 -25 -138 200 138 -200 200 116 147 200 -88 52 -94 -200 -20 -137 200 107 144 187 -166 -200 0 149 133 11
-200 21 2 156 151 200 119 164 -114 -200 -117 174 171 -6 -70 200 152 200 -200 16 109 183 -88 200 -158 -144 19 -49 0 -80 88 -78 -4 -84 -108 -200 11 -34 165 -72 200 -41 -136 -9 186 164 200 0 89 75 66 -68 -115 199 -107 -25 0 20 123 0 69 200 63 18 -194 182 109 2 -149 -57 38 -46 95 37 -200 103 -52 -12 14 200 110 93 0 200 -198 190 164 -154 -13 -195 -79 165 -200 24 -200 186 123
181 -78 75 -37 5 -168 -142 -7 179 -97 200 28 93 -98 0 74 148 -51 181 134 0 -65 -168 158 148 64 196 -55 -189 195 -116 0 -200 -10 200 -200 200 -52 -191 0 -166 140 -85 72 6 -128 79 32 0 200 -15 16 167 160 69 0 -197 -200 -200 49 60 19 -200 -125 200 -105 136 -10 0 0 0 -200 -75 -13 61 -110 -4 -114 200 -20 -76 -35 21 -200 -89 187 -160 -57 35 -34 -175 -194 24 -22 182 -111 175
-200 35 137 -182 200 -200 5 -128 200 -200 -77 138 170 -80 -200 -83 182 84 153 0 27 41 -123 -124 200 -153 73 185 -200 16 -200 130 145 41 27 0 0 -86 0 0 -190 62 200 -3 -127 0 -96 -155 -129 145 200 117 -100 0 -180 -106 3 105 120 131 -76 -54 0 152 0 -21 -46 83 170 -200 -198 -38 161 16 -21 -39 -200 -183 200 -169 84 9 139 -92 -46 -108 -162 193 -146 -188 200 -200 -56 0 0 50 -144
200 89 115 45 200 0 109 47 -200 85 149 -157 200 0 196 -6 -46 -14 -134 1 0 -200 0 200 -36 0 -131 -138 -150 -103 0 0 131 15 0 200 0 173 -96 108 112 72 174 -192 142 200 174 87 186 175 -62 -71 200 -183 200 200 -116 0 -200 -110 -76 -200 -152 21 25 0 117 0 -101 0 -127 -106 -192 -120 0 0 -196 42 91 0 -200 0 184 -139 -87 0 -23 84 -74 200 -107 0 53 0 200 2 9
0 -159 162 109 188 0 -31 -28 96 -75 -59 17 -104 172 -175 0 -196 -72 -43 -200 -119 -200 -62 116 -135 200 0 46 -200 0 -200 180 138 6 200 -170 -49 96 -200 95 0 -25 117 -200 -200 157 155 -200 55 0 178 142 164 -23 0 0 -100 76 40 -196 166 171 0 8 19 120 -200 200 200 -23 -159 -102 -100 175 0 -200 -185 97 156 -128 -87 -73 111 200 15 -79 0 -103 1 -33 -36 107 0 -152 -88 172 -200
73 20 -113 0 -200 200 -157 -75 -68 160 39 -88 -92 -181 -5 -70 82 -153 46 0 29 -200 91 192 -200 -200 -135 156 182 6 30 160 34 200 -5 -200 -117 137 200 153 108 -136 -52 195 28 200 96 -200 178 56 112 67 -186 200 -121 94 -176 -30 -102 115 -113 0 26 -32 0 -197 20 -150 154 -112 200 -37 155 -147 42 -51 0 -81 83 -200 133 -155 75 -139 30 106 -193 114 -16 179 200 200 191 -9 117 -194 -73
-200 80 -196 76 74 0 -200 121 -140 -16 0 160 7 0 0 -36 182 -44 165 -10 200 0 -17 -39 0 -98 0 136 34 152 -160 -133 -90 189 -71 200 105 200 -69 -170 200 -119 200 -162 6 -10 -135 46 -52 58 -54 -199 17 0 58 -192 -87 -187 199 14 112 -180 -23 -123 0 199 -159 23 -200 22 -105 -133 118 19 0 -69 -19 146 150 171 -105 -151 -170 109 48 139 -105 -200 -183 -56 200 -40 200 127 -142 -200 -98
-173 -200 0 -106 -36 -200 194 182 -200 0 119 200 -4 151 200 200 -141 200 88 -28 -10 -196 -170 2 -5 0 -98 -159 0 192 0 200 175 0 -95 200 -144 200 -118 16 63 163 -188 -20 200 191 117 0 -146 21 83 96 200 -200 24 0 -191 -147 -200 -200 1 -31 95 -31 -195 82 -117 125 66 -38 -179 63 77 200 -164 -80 -105 174 200 107 -108 -154 86 168 0 -22 9 191 174 143 185 -135 -36 200 54 -200 -105
-130 73 47 -135 -67 -95 -200 -95 186 -151 -131 -200 187 168 200 -136 -81 -200 39 -75 95 93 94 169 74 0 100 -143 -200 200 200 128 200 -151 200 -45 189 -122 -125 63 166 -106 -76 200 200 200 55 -51 -178 156 200 -30 -198 -74 176 -157 6 -177 160 -123 84 0 -122 54 200 144 76 -22 0 -112 -107 -90 119 180 200 -92 126 0 102 -52 200 49 -101 -196 196 -172 0 -99 10 -49 -177 52 59 0 -8 -132 156
22 0 0 -134 2 -200 -175 -31 -32 -200 200 -200 -72 -184 200 -25 180 -105 -46 44 -179 58 -162 -2 160 200 200 156 20 -112 0 -200 0 191 -149 71 -177 200 -100 76 123 -12 93 0 35 175 -200 -56 -32 171 -200 7 -66 200 -86 104 -144 -17 113 0 21 123 0 0 56 200 -169 130 0 -88 0 -90 143 -69 48 44 192 -102 -114 -122 -48 -152 0 -200 200 -103 -153 200 200 -200 -44 0 -59 0 -179 10 35
125 0 0 -200 -45 43 -176 -115 -180 164 -5 151 55 0 -28 190 -114 -162 -44 -84 157 -152 113 0 -132 -182 200 0 172 -176 0 -2 72 106 116 32 -53 200 -100 33 -186 68 -154 165 -200 138 198 -117 -47 27 95 50 -57 191 200 11 -149 12 -112 -33 145 0 -6 -70 -120 84 -74 0 132 102 200 98 110 0 86 -28 2 -200 7 138 -200 170 -20 -123 188 200 -141 187 200 55 42 147 155 -173 200 -59 17
-176 0 97 -175 78 111 -125 200 200 147 73 160 -132 28 5 0 103 -80 6 -153 11 -171 0 66 -200 141 -63 200 0 -146 -57 120 -64 -200 200 -97 -190 -23 -200 163 -84 0 -185 -111 200 -23 -48 109 114 193 200 -52 -66 -11 -73 -86 27 14 133 -200 -92 -107 -142 -168 -99 58 -200 200 0 20 84 -3 57 -156 0 55 0 0 -200 -163 200 111 0 29 119 -109 -112 183 200 119 85 -80 195 -133 -65 -52 -41
-110 0 -122 200 101 0 0 168 167 181 183 123 147 144 4 129 -200 200 122 74 188 200 42 -200 88 156 0 40 -111 -200 -51 67 -53 -74 21 77 -200 -200 -200 92 0 -96 48 129 -46 68 5 -155 -162 -195 -83 -165 -16 -119 0 -169 9 0 92 200 0 29 111 -119 200 200 -18 -175 -154 133 17 200 -196 141 200 -34 38 63 -8 200 -200 159 -200 0 -193 -200 160 0 -86 -10 -101 33 113 0 200 -200 0
-200 0 -200 -20 -42 -80 38 -31 200 -200 -200 200 -114 -200 0 200 -148 -151 -188 -76 200 -55 55 26 22 163 -79 200 33 -47 -17 -164 198 0 200 -72 52 -81 -150 -149 88 -105 126 118 -6 158 -64 -5 -14 -85 25 112 -77 -178 200 -200 12 0 -166 93 -200 0 118 -38 -200 158 -115 -60 148 -66 -177 106 -200 0 59 6 200 -200 -166 0 200 148 -1 -200 -2 190 -110 -200 -200 100 144 -46 106 -132 68 135 -156
-90 34 200 72 -105 112 -199 -200 200 -200 8 187 82 145 106 -139 65 -71 -200 44 -92 0 -106 35 -63 158 6 51 -169 135 54 87 0 200 -35 0 200 -73 -200 -200 -88 -59 0 -154 -188 -200 175 -93 -112 -62 113 200 0 -49 -85 -53 200 -141 153 125 -34 -93 0 -47 152 -138 -200 38 0 -118 -82 200 -171 -22 67 -98 -22 200 -68 0 36 -162 -200 5 161 -58 -102 200 26 126 0 -154 -189 -23 -169 199 145
-184 0 -124 42 -114 200 -47 -142 -96 105 -173 0 0 -200 0 -200 -86 32 -29 151 21 0 -200 -200 161 -200 -179 157 -200 -196 -72 -42 -96 153 -188 49 -198 200 94 105 -171 -52 0 -200 0 88 200 -1 175 69 -75 -153 107 9 -73 41 -200 200 -166 -200 0 -18 -191 -200 71 -122 200 68 0 -200 85 -94 116 -170 -3 -113 -50 81 132 -200 -200 -117 -136 -200 -200 200 -47 29 200 65 47 7 81 -200 -154 -79 31
200 131 -115 -59 -200 -199 -145 115 -200 200 -154 -7 164 -43 38 200 -144 -4 -99 4 200 200 -146 0 83 100 0 40 -19 26 79 186 -61 40 110 -4 91 0 140 128 69 196 -188 39 171 -200 -19 72 -77 -116 0 148 51 78 148 145 28 -200 -194 200 200 -71 0 -200 -84 0 24 -30 -190 -175 76 200 -126 188 25 -72 -162 67 200 -94 -151 200 165 200 200 0 -22 39 27 200 -129 -169 0 0 0 125 175
-3 -200 200 -200 43 90 128 174 53 81 0 -200 149 0 200 -175 -200 161 -94 0 197 3 -191 11 -99 61 200 -147 0 -16 -192 193 192 200 171 185 -200 -105 -162 -200 92 -63 -200 -155 113 -67 53 -140 0 -177 -170 7 -200 0 -159 -86 -47 144 -69 -186 -200 1 30 0 28 -147 200 -200 -152 0 -6 -86 -195 131 -164 -128 8 0 178 -23 53 -9 -200 101 -170 -55 200 157 -170 -178 23 -141 133 200 0 64 71
-200 0 124 -200 -200 139 142 111 200 -200 -200 3 -200 -119 12 -98 8 10 200 -52 -140 67 111 -52 -94 -132 109 -11 0 132 -153 -155 -179 179 -17 -197 -113 200 46 -75 0 0 7 -200 27 22 -117 172 0 -52 40 200 178 61 42 71 93 -128 -70 176 -170 199 128 -200 200 200 93 200 200 200 138 47 0 -200 188 -99 -109 200 -170 -119 0 -5 113 -120 1 -161 -30 200 -40 161 193 64 -88 35 200 23 -99
0 0 -26 200 0 147 80 0 -195 200 -171 142 -37 -18 46 -136 -117 121 -74 200 -41 193 200 200 91 115 104 -200 110 200 186 38 83 -31 152 -175 0 137 -114 -29 0 192 -173 -84 -83 -135 200 -112 -149 0 -133 -123 12 -148 0 -200 171 -54 -70 100 -166 -200 -120 -93 47 -142 -200 0 95 -199 -128 -200 -170 101 138 -200 0 -91 3 -89 -37 200 -85 200 -53 -84 82 -196 125 200 154 200 200 -184 4 -200 -200
25 185 -200 -68 75 200 -30 -200 -200 191 200 -79 -7 91 -154 -81 -15 141 -90 200 200 48 -27 -200 184 102 -67 -86 -200 131 200 -5 -163 58 -178 155 196 83 200 -185 -126 -121 -154 100 4 43 -129 -13 59 -153 195 60 47 89 48 26 -119 200 168 -61 81 22 -70 -94 139 108 133 -153 57 -41 -45 80 143 -85 0 -20 -155 136 73 165 -194 -170 0 142 -123 200 144 200 200 -160 -99 -131 -86 32 200 -173 133
-113 -198 200 -127 -200 -68 -200 -33 69 -7 190 200 -62 13 200 -200 179 -30 172 115 0 -200 113 112 135 -16 89 -54 -184 -200 0 143 -64 44 -105 30 -200 12 0 -191 183 -200 -45 -125 100 -143 -32 -180 200 -130 -28 -200 131 134 153 -170 123 117 -156 0 126 -200 7 1 22 -30 106 -126 200 -82 -42 -24 195 80 200 195 0 -54 26 44 31 63 -94 -105 200 24 -94 -127 -120 176 200 -200 -17 200 -200 -200 182
200 154 -173 -69 37 13 -129 -181 -200 -157 -200 -4 -196 -40 138 0 -96 200 38 189 -127 200 -56 123 0 67 -57 -140 0 200 -148 -200 -152 -16 200 81 -8 10 -200 -122 -180 -200 0 128 179 -15 -173 200 -64 0 159 -97 200 200 -147 -58 190 -134 0 129 145 102 -31 0 0 141 0 -187 -200 -53 200 -45 -200 -109 -131 -100 200 -152 48 171 -37 200 16 -132 -82 200 200 171 -110 0 -26 0 -103 -93 0 200 0
-200 -196 -30 -200 16 -31 -110 -123 41 -123 169 -95 22 -200 198 67 66 200 200 100 72 -23 157 197 -114 200 200 200 0 65 108 -111 86 96 138 -11 0 -128 61 162 -174 -147 66 167 132 -130 -150 200 103 -4 -200 200 53 -3 0 199 -161 200 200 -11 -89 76 200 139 -148 200 16 -118 58 -45 0 -94 200 -68 174 57 0 0 33 200 58 -115 -15 151 200 115 170 -127 110 -186 187 -133 -151 -200 -200 198 -1
-74 -47 -90 200 200 -62 -139 200 51 -112 59 164 97 3 37 161 -183 -200 -104 -200 200 -200 142 200 -14 0 -11 -200 15 3 -131 30 -56 104 200 -1 0 -39 -200 0 0 88 33 14 -159 6 96 -116 183 0 65 -150 -192 -200 200 -110 -200 37 -7 0 -15 39 -28 -163 200 0 0 200 109 185 -42 81 0 52 113 200 189 94 -198 -151 -3 -200 0 -99 -181 -200 27 -58 -200 -17 114 -69 -116 114 75 -141 -176
-106 -95 75 0 62 -84 -11 200 39 -127 23 -124 0 14 110 140 152 0 -90 -44 -83 11 -162 148 0 9 -28 51 200 -175 -50 200 -60 -200 -148 33 -45 -66 -145 200 -2 85 50 0 0 -155 68 -126 -173 -200 5 0 77 70 -127 0 -3 -38 61 198 105 137 -38 -50 14 -59 200 79 -200 -74 -200 0 0 200 -189 119 56 0 -115 -158 124 -142 120 -200 -89 -200 -46 -55 70 200 -61 -43 0 93 -200 188 0
36 145 -90 -89 -154 -200 -200 36 200 -200 30 -200 78 14 178 -126 -23 18 -149 -180 38 90 0 -200 -200 150 -200 0 -101 -175 -160 -171 -192 164 -166 170 68 117 185 -149 200 -80 146 194 -200 0 0 4 -24 0 -39 -200 -149 -82 98 145 -200 -69 -15 200 157 0 0 149 83 -200 0 -48 -74 -146 -200 -200 55 -136 200 58 163 0 200 -141 -164 -9 185 -162 200 -84 -126 -160 200 102 93 22 -129 -200 -146 -200 200
-44 40 14 181 0 1 86 0 -93 -190 -200 152 200 40 -200 -200 69 200 147 5 39 159 10 -59 63 -155 200 -117 76 129 31 0 24 15 -164 67 43 -182 -140 35 27 147 -4 121 121 136 0 -73 -189 200 113 -39 44 151 -200 -200 165 73 86 169 0 116 20 100 139 -200 -109 -14 -200 -81 199 136 -25 0 -26 198 -109 200 124 0 -181 197 -54 0 154 164 62 -53 -84 152 -118 -52 13 -111 20 36 -183
0 82 200 164 -200 0 141 -115 97 143 -95 84 -47 -9 200 0 200 -166 -69 -200 0 -200 -21 -70 -98 -200 -200 193 -86 195 200 188 127 149 200 89 -115 -172 0 -9 79 0 -90 144 -35 76 175 138 200 0 17 50 174 -35 84 0 36 200 -53 57 99 200 0 -157 -17 -165 -21 -50 42 -179 2 -193 -98 110 200 0 -68 5 124 0 -200 180 200 10 -200 129 0 129 200 128 -200 200 200 31 0 77 -172
200 -200 200 -77 -200 -33 -52 0 -80 -28 75 65 -29 107 200 -82 123 81 -31 -165 46 138 200 -43 -92 -126 89 -172 -200 -133 -76 156 -100 200 114 95 -28 -105 200 -3 -140 26 70 15 36 108 0 -32 -175 -200 -108 -200 -194 -112 -42 -200 -97 -129 106 -173 -124 -47 -191 145 -200 -27 -2 0 200 -116 187 -94 25 -188 200 -12 0 -93 -95 114 5 58 -36 -200 -3 129 65 104 -200 -200 -56 39 98 -50 0 -141 -20
-190 -26 -19 111 48 -4 -179 48 55 76 -103 -92 184 -7 58 99 200 129 -189 -66 -161 -100 -75 200 200 -83 -31 200 0 -62 0 192 200 -156 0 -200 109 -113 -168 46 -172 -200 -16 200 -55 172 191 -19 -120 0 0 -4 -132 -186 -200 0 -67 64 -200 200 0 73 200 200 -116 -67 -183 0 -200 -200 200 73 -34 -200 -33 -4 28 90 -94 108 -35 -49 -200 -200 200 -200 65 -200 200 200 139 9 6 21 -84 -188 -166
-200 -71 77 125 -83 84 -185 173 0 -70 145 200 188 200 200 0 -56 -138 -175 -184 -143 0 -81 58 -200 -57 117 64 -94 17 0 10 105 54 200 -51 80 -200 -200 -200 -25 -200 -177 130 7 188 -142 -159 0 -136 -200 0 -61 0 -200 -22 -167 197 130 -171 -200 143 0 112 145 22 33 0 -185 -141 -86 -131 200 -139 -34 53 154 -59 145 160 -41 -32 192 -199 200 0 -200 162 -200 200 155 0 -5 -197 171 -200 -25
-75 92 -4 200 152 -149 -69 0 200 200 187 200 -24 -139 200 192 -138 0 191 173 152 -83 -68 112 -159 -50 -30 -49 115 -81 0 -138 173 49 -48 200 -103 -56 149 -7 91 -175 -2 79 155 -200 34 -54 0 -2 191 -200 200 157 -36 130 200 200 -169 65 -5 173 -105 -115 -46 -187 -47 109 -86 121 190 -78 200 -42 200 56 176 -136 0 200 -200 86 200 200 117 184 -110 200 0 143 136 159 0 39 101 200 86
-200 200 155 35 -56 121 -37 -32 36 -149 15 -200 -194 50 -200 -53 0 95 36 -107 -200 -200 -193 -74 85 143 -14 -157 -101 23 -67 -200 38 35 200 200 -187 -200 -123 -104 -29 101 200 200 -194 88 -8 147 -200 136 -110 -51 -133 200 189 200 -111 7 200 105 -73 -143 80 150 -200 0 -79 -176 200 78 -19 200 200 57 -51 32 -40 40 -12 -130 10 -154 73 185 -128 50 200 -47 6 -108 -154 0 107 200 -163 -145 -108
0 -200 -106 127 -128 89 -130 -59 -52 -191 -200 -198 12 152 -129 -6 -148 -138 200 150 200 110 -143 39 186 44 -102 -200 -97 196 98 -10 79 151 -75 -79 -55 161 -172 200 -87 -200 23 0 0 190 44 72 -81 -130 64 197 89 -157 195 -200 -200 16 -7 76 -1 -130 -72 0 -200 69 -200 0 177 152 0 200 71 144 200 -200 96 73 -38 -42 -20 -87 -186 -164 152 -33 177 69 -200 67 -1 -7 197 -40 -121 -159 -82
-151 148 98 -23 200 -29 -200 130 98 -51 168 -122 69 -17 -17 198 182 200 5 -57 200 30 -38 -132 0 -18 -200 -200 180 142 -172 130 -152 -24 101 -146 -76 0 181 -200 -195 -113 -200 171 40 0 198 -200 17 0 -109 200 -86 200 -115 157 -200 -159 200 172 -73 123 -200 -66 11 179 -112 146 -106 0 94 -168 -129 200 -3 200 -157 100 -10 0 -20 40 -200 200 -45 181 126 -102 -169 45 -165 0 181 0 -41 -41 -200
9 -25 81 200 -175 -12 -200 12 137 200 0 92 -200 -48 55 99 -25 116 119 -132 200 98 9 89 -185 189 -29 172 55 54 79 160 200 -200 -180 0 0 45 200 103 112 0 133 -119 200 171 -33 114 200 152 188 -200 -78 95 200 154 24 -77 -20 -15 97 88 -73 -120 -190 50 65 95 -200 -48 -73 140 -165 -149 0 162 0 200 -127 41 46 -125 22 -200 -128 200 -109 -167 0 13 143 91 49 -60 -23 -90 191
-150 -186 -60 164 -179 -163 61 150 199 -153 -200 -18 -1 160 0 -37 182 -200 -95 192 -200 113 0 -92 -57 22 -200 166 77 -160 -172 189 77 200 -62 45 -178 200 147 176 -11 194 0 -200 0 -167 -171 46 46 -18 -62 119 190 -101 -197 104 -165 200 -128 0 -20 57 200 -139 -31 -80 -111 140 -200 151 -141 -59 50 175 -200 -119 0 -69 191 187 167 165 -173 -58 32 0 151 -176 -200 168 180 -176 -66 -114 -200 -193 144
-17 -70 -198 -142 188 -200 -46 30 6 87 181 -21 200 0 59 187 31 0 98 0 25 200 200 200 190 160 71 115 140 -41 19 150 -85 54 138 -165 53 -77 -20 -36 -200 0 200 97 -89 0 -200 104 -200 18 66 -4 -61 -153 -112 -176 -200 137 -81 0 127 15 -83 200 -46 -182 -21 -200 -53 -200 -112 0 87 184 -16 0 -134 65 -134 -31 33 -200 -81 -37 -20 91 65 0 -159 -139 -177 -90 -180 -83 17 -200 -200
-149 0 -200 -123 200 -41 0 -110 -157 -86 -171 186 -170 200 200 -200 -11 114 -10 200 -200 22 200 -122 -107 18 -19 -175 95 200 200 93 0 69 50 56 6 0 123 0 -184 -199 200 24 -183 140 -22 -52 -72 122 171 -129 -48 -126 200 -154 -200 -197 25 31 -128 75 200 -69 -30 4 -50 200 -18 62 -117 -100 -105 -188 137 -197 -16 4 13 -200 200 24 0 200 0 200 150 0 64 71 -200 0 200 -149 169 -128 -200
173 -44 19 -140 153 -200 200 -200 200 0 31 -200 200 -34 -115 -51 0 -54 110 200 77 -29 -170 -46 69 200 132 -1 -161 0 -108 150 -174 179 189 74 0 109 -197 184 0 170 192 0 200 158 -14 174 43 0 -136 127 200 133 0 -52 200 200 200 -189 26 170 -58 176 -177 36 10 -29 0 89 120 -104 -116 -33 152 177 15 175 -190 -200 0 -136 -170 -178 135 120 46 -163 -109 178 165 -81 0 -200 77 200 0
-36 -200 0 148 200 -38 -74 -68 158 96 51 -153 89 -68 -86 -115 130 -63 -193 -149 200 200 0 132 200 200 200 100 0 200 95 109 9 186 -200 -168 -124 -44 0 98 -82 30 -200 -200 0 0 87 -42 110 200 -41 -200 67 -195 200 -163 132 192 49 60 200 -135 133 47 -191 67 -184 151 9 164 -10 -142 -166 134 36 -140 -176 0 178 -33 21 -15 -39 0 -168 105 57 45 168 -120 147 -180 -15 79 200 200 200
46 -104 -97 -200 200 -173 -200 -20 185 78 200 -1 0 200 0 -8 13 0 0 163 -189 159 -105 24 77 119 200 161 -26 -63 0 132 49 -64 0 20 -111 139 0 37 46 144 127 95 0 -200 -93 166 0 -135 63 80 -131 -200 -25 -93 24 -14 200 200 0 -161 -200 -164 -28 -200 -155 -200 -34 0 141 0 -71 -98 162 74 -127 200 -200 -198 52 -194 -112 0 198 29 -64 -108 -100 -137 -106 -62 200 -21 -184 200 -53
-26 -200 -151 -160 37 -66 87 15 9 15 200 139 11 1 -145 -62 0 68 -200 0 -173 -17 -200 102 -91 0 -200 118 -109 54 198 27 -111 -171 200 -171 -200 -83 200 130 92 174 113 -39 66 18 -22 194 53 0 103 52 -71 -96 -194 -52 200 -158 52 -184 46 107 183 -154 -159 150 -161 28 142 0 182 -126 -48 -118 -17 -200 151 157 -149 -197 147 22 111 60 2 -85 119 0 -200 -196 110 -200 -124 100 0 200 -184
-18 55 185 200 -152 -144 -190 190 183 -26 -25 -154 111 200 31 101 0 -108 85 -191 140 -106 -175 200 74 102 67 -126 -113 -90 -131 -181 200 155 38 162 41 200 72 129 170 74 121 36 0 -146 200 -120 63 -200 169 -185 0 0 115 -200 -111 -50 -22 147 -119 -112 42 0 -9 -101 200 0 -185 200 -73 -190 -200 159 178 -153 65 6 0 89 -176 0 65 -66 0 35 -200 200 -44 174 -200 55 83 -200 0 195 -105
-179 98 2 91 -36 -174 -173 0 -170 25 0 200 -22 110 -84 -173 0 -200 -72 -181 171 -87 -79 177 0 -200 112 0 38 -36 -200 200 -91 -200 -196 -51 164 128 0 -158 -48 -200 -20 0 200 -87 -164 -41 200 -139 -171 0 -200 167 -11 43 -134 0 0 76 200 -200 -44 -125 -200 111 -74 11 199 -200 0 138 -200 -148 -97 -200 0 177 0 0 -98 200 95 49 0 -62 -200 -200 94 17 -69 -200 0 160 132 62 -188
40 108 -122 200 6 0 -200 59 -200 0 0 -26 200 0 -115 4 -46 -12 178 158 -78 -131 -136 -59 151 89 -36 -200 106 -140 200 -113 200 0 200 -184 -132 172 120 -200 -24 -189 141 0 0 -87 52 52 159 -194 -119 -155 153 -200 -121 4 121 -23 -121 80 -77 125 193 -200 -200 169 -132 -93 23 16 -200 -200 177 0 -200 166 0 -200 12 -149 -115 -96 -95 61 -95 200 -128 200 51 -26 0 -113 -157 -55 200 -57 85
-95 -173 7 -200 -166 -200 187 0 -200 -200 186 -177 -137 -182 3 -30 -200 139 -158 0 173 193 200 -200 200 12 -200 51 200 -44 -200 62 -193 161 134 -185 200 154 -6 -200 -121 -12 -145 -22 200 136 -60 60 38 -2 -116 50 109 -41 200 -52 12 -188 200 149 171 0 31 -43 -64 48 200 197 179 0 109 0 200 -56 -90 188 -200 143 200 -59 157 -9 118 -200 -95 92 65 -158 -200 200 200 -200 -64 63 48 -200 -44
-180 200 -163 0 126 165 59 -78 -97 -30 -200 0 -200 -48 138 149 187 0 0 -120 155 118 -67 -196 166 -116 -200 -68 -178 -187 200 0 200 51 -14 200 -167 -27 -61 0 200 -63 -200 -170 83 12 17 194 -64 123 -8 -47 0 200 -200 3 132 176 23 47 -154 -17 -156 -53 164 -169 -200 0 -181 -88 26 -82 -95 86 54 0 0 146 -111 25 115 54 -32 140 -164 139 200 -188 200 90 200 -151 -12 0 8 -200 -89
-114 200 -9 -148 142 198 148 -84 0 118 -27 39 200 200 84 -200 -200 174 189 -200 -103 -29 129 200 -200 -74 -28 -96 45 -38 0 -45 -175 -200 102 -159 -20 180 -125 -106 177 -72 0 200 114 150 155 183 122 -200 0 -42 43 154 37 -200 200 -7 0 45 -106 108 25 -110 -149 56 -200 -135 0 166 0 -50 113 71 37 -124 158 -179 80 -123 200 -200 185 -128 -193 0 108 -84 -74 -200 -200 -200 -14 93 -93 101 44
-200 -129 6 155 -110 -98 90 -200 90 -191 99 -200 -162 178 -41 164 -200 0 -39 95 -40 -200 198 0 61 -101 -92 -200 0 151 -85 -49 180 -121 142 158 -107 -136 -150 -197 -15 95 -200 200 149 -115 -200 -200 200 141 0 -134 -1 105 -46 62 -141 41 -95 -114 200 200 200 126 188 146 200 -104 0 0 173 200 0 200 -96 200 14 0 0 121 -200 21 149 0 89 24 200 -76 -35 -21 -184 8 150 -200 -64 63 191
102 49 -192 -127 200 -103 -72 0 -20 0 0 -1 -6 65 0 200 -122 200 -75 0 -131 -178 -99 142 37 189 0 183 23 109 -133 -116 200 0 152 170 189 0 200 92 189 -151 200 64 -200 -199 0 -200 -146 -61 -36 0 102 -170 0 -154 36 -76 -17 -48 200 0 192 -76 -140 74 -134 0 -181 184 -53 200 -40 71 -142 0 -59 183 80 181 198 -96 7 82 -109 0 -187 0 -188 200 -153 0 -141 186 -100 63 -60
110 -45 200 101 -171 -121 -147 -36 108 0 200 200 4 -15 43 145 -1 200 61 -84 -188 0 200 200 198 -200 -53 49 176 -172 173 -125 200 0 61 200 200 108 -200 -193 -200 -200 -31 198 -200 73 200 142 -94 200 0 -200 -175 -31 0 175 -179 -168 -200 -172 -95 -73 0 -200 30 200 70 -77 182 200 -79 200 91 -174 200 200 200 63 -41 134 -147 -118 111 -47 -126 200 -112 -126 -200 0 11 37 -81 8 200 24 -200
85 -123 -200 -6 -82 0 96 146 -167 188 0 200 -174 96 -200 84 131 -193 149 178 -27 -31 112 149 175 23 -177 -193 -26 16 154 200 54 0 151 43 196 183 -2 -144 -86 -200 0 88 -11 46 -200 -154 49 -190 -43 -94 -200 180 -70 82 -5 0 153 -89 200 130 -67 200 65 -139 -119 0 88 -86 -82 60 -200 0 -171 47 0 200 146 -91 0 -200 179 -33 -127 -101 -200 -128 -158 -200 -171 77 20 -200 46 200 -105
-31 -8 165 200 200 39 70 0 174 -200 0 -37 200 -200 97 -148 152 -189 191 181 124 -109 86 152 191 -171 -157 -200 76 -200 -33 -55 185 -5 -200 -113 -66 -117 0 -75 0 -40 -151 1 -145 177 28 200 -185 200 0 200 -119 0 0 -200 37 102 37 200 172 83 -94 174 200 -200 -30 200 47 0 0 200 200 -2 200 168 -147 -153 158 48 12 -190 141 200 -199 176 123 54 11 -96 22 101 69 -184 134 -81 -49
147 62 80 200 -136 163 -200 200 43 200 -200 -91 197 16 -123 -200 168 -43 -71 120 90 -200 -19 -100 100 -172 -115 -90 200 0 -107 -188 -199 100 59 74 54 -133 -181 160 43 137 200 81 121 66 95 0 0 -71 -44 181 -46 -159 -129 191 0 -169 -69 200 0 0 55 -182 -117 -38 19 200 -123 74 177 -200 -196 -200 -110 58 157 -159 -200 -123 116 53 0 -180 181 -60 200 -96 -56 0 -71 126 27 -160 -172 31 111
38 12 -194 -90 0 0 73 -117 9 -200 114 -112 -1 190 -26 174 -200 200 0 170 -62 124 136 130 -49 0 -14 0 -169 0 19 200 0 -11 139 18 184 119 80 44 0 115 75 -134 31 153 85 -20 200 145 -114 200 -178 163 34 135 -103 179 -172 100 -200 88 -50 -98 -163 -146 142 200 -64 74 0 24 -2 -200 0 135 0 -73 0 -146 0 -118 62 -92 80 56 82 -111 -75 4 27 200 -86 -181 77 -143 109
0 -183 -168 76 -200 -200 -110 -57 7 0 -118 25 95 -150 -200 161 1 -54 48 0 -120 193 143 17 122 0 174 -79 -200 -125 -176 -8 4 197 -23 -168 127 142 -186 -200 76 163 110 -92 -130 -87 96 121 24 -153 -91 -48 10 130 -60 -149 -200 -180 -187 186 169 188 -28 -101 41 -190 39 -83 13 -180 -200 -200 -30 -47 161 -107 200 -195 -200 -38 174 -137 -164 0 194 -185 0 -75 27 106 -140 179 -73 94 167 43 -17
0 -38 0 -93 200 82 -24 -64 200 -79 0 165 -184 -122 13 -25 40 -169 -51 58 0 77 0 -186 -47 200 -186 0 69 -44 -14 191 -200 67 -94 -200 172 -181 -5 200 0 52 -184 153 -200 -38 183 -48 -91 52 -196 62 139 -25 -54 98 106 81 200 74 65 -33 -92 135 127 200 110 -196 -110 87 -13 103 114 -200 -82 74 77 -113 200 -47 -116 -107 -200 -90 67 -41 0 -200 -136 27 121 41 200 121 24 -130 0
0 130 0 0 142 32 -47 18 -7 39 -200 -200 -135 -11 76 0 -72 -200 -127 -200 29 42 0 143 -192 -30 -197 200 -111 -31 -178 128 105 -139 84 117 28 186 -200 -82 22 146 200 -145 -200 37 -67 -200 20 -200 -137 -134 196 106 3 177 -116 -200 193 53 0 200 -19 200 26 -156 -155 -97 168 4 -200 200 28 40 -78 -200 0 78 0 199 170 128 0 88 -84 0 -156 0 -93 -57 162 3 -40 -8 199 -167 120
0 0 35 0 38 -68 -27 200 -125 -93 98 200 200 0 0 158 162 0 -14 -53 -36 -120 190 191 -119 -8 12 200 -99 -73 48 100 70 15 185 200 -200 -137 -1 188 -153 199 63 76 84 -175 -1 -200 193 27 136 90 9 142 -200 200 -40 200 88 124 121 -126 -22 -200 58 -63 184 0 116 107 7 77 -23 0 -133 -16 -145 -164 -122 30 34 116 -182 -37 -198 -200 -200 151 -34 200 -200 152 -100 105 184 36 170
-191 0 -184 103 -101 -177 132 -200 200 91 0 200 200 96 -107 -196 173 0 -194 15 -169 -62 137 -27 13 -142 0 195 200 3 156 -49 198 143 200 -115 153 112 104 190 0 116 0 0 200 84 15 -155 179 87 -40 191 -114 12 0 179 54 34 -200 1 67 -109 142 -82 114 -11 -71 27 115 55 129 200 160 -200 199 111 0 -184 186 21 -82 75 -176 21 95 200 200 -17 -157 200 184 -200 56 -149 -95 -48 98
-104 75 -48 -200 10 181 200 200 197 198 177 -2 -128 -139 -108 -132 -163 62 -200 110 17 200 144 -95 0 65 0 -155 200 -200 -8 200 108 -46 -97 155 25 153 -134 161 -128 -103 0 0 -200 -116 0 -147 196 -142 -154 181 200 177 152 115 200 -200 -200 -200 45 -163 -193 200 200 52 -89 -200 73 -17 -148 -200 -200 -24 -101 200 -115 0 -200 153 0 200 -163 -41 61 159 -200 -132 -23 -40 0 -144 60 -24 -192 -146 -113
-131 125 0 -29 28 0 15 -43 0 -102 0 -126 101 -67 -200 125 182 200 -200 -200 -200 -200 97 0 -92 -17 -29 0 -200 -24 -166 -133 0 0 176 0 -20 89 141 -130 137 -200 -113 152 -117 199 141 200 -5 -83 -97 -94 90 169 -81 0 200 -90 113 -144 -200 -200 -200 -200 45 -141 -163 0 112 200 -23 141 -175 -97 -144 157 198 102 168 -200 -133 135 -24 200 83 200 -142 -200 -120 1 52 -188 200 160 25 -147 43
183 0 -174 1 9 -122 -181 85 197 41 164 62 -200 129 162 11 180 0 -200 137 -78 200 37 -200 175 -176 47 -178 0 200 -157 -34 59 -136 -53 -154 61 -73 43 -200 -184 0 78 -40 189 166 176 0 25 200 -200 -16 -109 0 -88 130 -144 44 200 136 -161 174 -16 -172 -78 127 87 -100 -159 123 -170 150 53 151 -200 0 -2 56 0 -51 0 64 200 102 0 71 165 -74 200 0 113 121 -42 0 -186 90 -200
-40 -78 170 0 184 200 100 -109 -86 -28 -150 -171 -30 0 -135 200 164 123 73 142 126 0 200 -178 200 -33 -113 -200 33 -149 -89 200 148 -42 66 81 38 62 1 -166 132 200 118 200 0 198 200 -200 163 196 -123 0 0 -114 200 27 -143 0 -75 -200 126 -171 92 200 123 -105 -141 57 57 0 -50 -200 0 56 200 -31 0 200 -51 196 200 140 173 -172 145 200 -200 -200 -10 -169 0 -137 200 159 66 -200 -43
