1000000000 100 158 116
141 0 -135 -22 -83 -200 -49 -26 -23 200 -200 34 -186 190 -200 -142 0 -183 194 67 -148 -124 -200 0 -100 -198 200 200 -154 -182 -69 146 200 34 -91 -8 196 170 -33 200 -200 80 105 54 0 -88 0 200 200 194 179 0 -200 -127 0 0 39 200 -200 0 78 -200 -45 114 47 -101 74 0 51 -22 -61 102 136 20 44 200 180 0 0 -130 -200 30 -9 -84 200 -152 29 146 0 22 200 42 -199 -169 -44 111 185 -182 0 -167
99 200 -111 -151 99 -200 140 200 200 -168 0 -200 200 81 -200 199 -94 129 0 82 37 -170 190 200 -40 -87 -110 18 -17 43 -8 -200 0 106 -149 200 -200 183 0 106 155 -155 171 200 -41 31 -100 -200 87 199 0 60 41 -144 -167 63 27 87 68 93 100 -101 161 -137 -169 15 124 117 33 91 -99 0 200 136 98 -200 1 139 -161 -200 -200 0 169 -35 -200 87 0 -111 37 -59 -179 -121 -45 193 -139 -200 -157 33 162 0
200 -4 -28 138 146 153 -67 120 -154 -125 68 -24 -31 -110 -171 -116 200 -156 0 0 -110 -64 0 58 177 -116 0 52 30 122 -166 -200 -88 -143 -200 -112 197 -15 52 -200 -58 93 -188 3 200 -200 107 -191 35 15 -200 -186 -52 73 42 -54 200 -132 98 192 200 -190 90 200 77 -80 -131 16 200 -200 -200 -133 143 96 -144 -74 46 171 -165 -123 132 -166 76 49 200 -164 15 171 181 0 200 -164 -200 116 39 -48 200 -22 0 -134
105 185 41 -11 98 118 -200 13 -200 58 184 -199 0 94 153 0 6 161 -34 -153 37 186 -23 0 -179 -88 -178 193 -195 0 0 -11 0 2 149 200 199 164 0 -22 0 24 -163 200 0 52 0 60 0 68 61 0 -96 172 -84 200 -200 119 -94 -135 -72 0 27 169 -200 -31 200 -171 200 200 -67 200 7 89 -168 0 157 0 -105 175 -13 -200 100 -130 0 73 -166 -94 -200 -6 -172 98 159 -108 200 0 -159 0 -200 115
-97 -41 100 -71 -85 187 0 -154 -91 2 17 -128 106 190 182 17 -200 0 64 -200 117 -113 -39 74 -81 39 122 0 0 -191 -27 -84 131 -143 195 -17 -200 -138 171 -62 111 -32 -200 49 200 0 143 27 -31 -24 -200 -150 200 -107 -127 -130 94 -75 168 9 156 -69 -153 200 14 -78 87 -51 0 -129 0 -107 -200 -164 134 89 -85 52 -200 0 -180 141 -121 0 136 -80 -149 -200 -200 104 200 175 -200 -123 -200 -162 164 150 182 -189
11 -136 -41 -50 -183 173 -45 10 -200 -7 -155 -43 -125 44 58 190 58 0 193 188 0 -100 0 200 188 101 17 -181 -92 -157 0 -119 14 73 -84 200 -82 119 -148 0 1 135 -161 191 200 81 -11 0 -109 -200 -68 200 -136 200 175 -200 0 200 -72 58 -200 -177 159 134 0 200 -41 -195 94 200 65 -42 -190 -42 -114 57 110 143 99 86 129 181 -96 -200 153 -148 185 0 76 0 -136 -200 7 -25 63 142 41 -37 8 173
159 200 -109 124 200 -81 62 0 73 200 49 -82 -146 200 197 -168 50 200 -200 135 37 -114 149 -100 200 -158 87 168 47 -171 -93 58 104 -176 -23 17 72 -54 19 0 87 17 -200 -200 44 170 -70 24 200 9 -54 0 -146 -189 0 -105 -67 154 -65 -145 5 -200 200 -7 -31 -180 103 112 -129 72 80 0 169 0 -89 0 196 41 -64 86 -26 -126 -131 70 -164 17 -10 149 -200 24 165 200 82 -110 -143 184 200 -67 200 200
-115 -6 0 -200 175 -154 122 37 -136 0 191 -58 -36 -200 0 -77 -98 -183 -200 200 0 0 99 -119 93 -188 -153 -114 133 -102 113 94 -146 63 -16 -113 -100 21 0 -56 -90 80 -78 -157 153 -165 200 0 58 160 -28 -200 0 -200 54 -175 200 -99 -14 -200 -196 -18 85 -200 141 -200 143 -200 0 -123 -144 0 140 -131 146 -181 0 -170 -9 0 0 -200 200 -51 89 200 18 184 -1 37 194 113 0 -200 -200 0 57 200 200 -86
-100 -95 118 -150 -111 150 -14 191 53 200 -80 188 0 -116 140 86 12 -120 -183 121 -125 -144 -200 0 64 -128 -2 -26 46 -200 -109 -200 -16 -167 -161 -73 -187 180 -116 200 14 52 -140 130 -61 -174 -200 200 45 -200 -200 -200 104 145 -172 -102 -200 103 -23 -200 -200 -150 200 -45 109 119 -175 200 200 -180 -20 0 -66 0 -73 -123 -138 59 -61 -27 0 47 61 -94 -158 165 117 0 186 9 185 184 -18 105 37 194 -137 -76 80 -45
24 -200 -47 196 154 -200 -12 200 11 -99 0 -188 -109 0 129 -28 200 -200 200 200 -200 -164 -162 -99 -112 200 0 0 0 0 191 0 72 -90 -55 200 -120 149 70 -199 -38 164 27 56 39 -149 95 -137 124 -200 162 0 200 -102 200 -63 195 -78 0 118 146 -144 -200 0 -142 -200 60 200 -28 117 64 -38 -33 -200 15 45 79 -27 200 -200 200 -106 12 70 -196 135 -67 -164 24 -140 -200 164 200 159 200 -149 157 -136 -48 35
0 36 -44 200 -2 -1 -29 -2 -200 163 -162 -153 133 -110 -120 56 -29 0 -116 155 40 72 75 -162 138 156 6 188 168 -175 15 -116 51 -200 -5 31 -143 200 -200 179 57 -68 -194 -104 -200 -48 200 -124 -4 -200 86 -182 -21 -200 -193 200 200 48 -81 -175 77 92 -200 120 -128 107 -5 -103 2 200 175 -53 0 161 -184 -95 125 113 -200 -188 -50 -154 -118 42 -97 104 -200 200 200 -33 -200 53 -34 200 165 200 -105 -3 -188 -137
66 0 122 -85 192 20 0 -41 197 -99 179 -3 200 200 178 163 -176 137 18 84 -82 0 168 77 -200 -136 67 0 -120 7 71 185 -200 200 133 191 200 0 54 -54 0 -119 -132 38 200 -10 64 -200 -82 25 -200 0 66 200 130 187 -200 -169 9 157 128 104 154 -96 -200 -128 -115 167 -192 60 -24 -77 -75 0 200 -200 -167 156 168 102 27 -200 200 0 -187 -161 -155 112 -133 -200 101 -84 -193 -155 -200 42 -34 66 39 -200
0 60 17 50 194 200 164 197 -143 -119 -200 104 0 -164 -200 80 -14 90 92 -5 107 0 -200 136 67 0 200 197 -14 -58 60 0 140 -134 -55 100 6 191 -46 73 200 -40 -200 -51 -140 200 98 -82 68 -183 134 200 -200 -181 1 -29 199 -200 -88 -200 -111 105 44 200 151 139 200 200 133 82 -62 -32 -46 96 -12 0 46 191 -88 -182 168 -111 -39 -200 -171 -199 27 0 132 91 -83 -104 -59 127 -200 99 105 200 154 18
89 115 93 200 -44 36 14 49 10 0 24 -43 -85 45 -200 0 76 0 -104 192 96 68 64 -158 -65 192 -155 -111 180 -200 -111 -186 172 152 58 -200 134 -153 -61 -12 0 39 193 71 165 -143 -24 200 0 -36 0 -174 -183 132 106 153 29 -129 0 -164 -109 -70 200 0 -170 68 -75 -14 5 0 197 0 200 189 -135 200 0 40 -185 200 -120 52 0 33 105 -148 -119 62 78 -194 -146 200 -200 72 0 -173 -144 72 200 65
-170 125 0 -27 -80 130 145 177 84 182 60 0 70 200 200 18 -65 -54 51 -118 200 -180 57 5 -82 188 41 0 0 -2 18 118 -115 -181 29 -200 197 -160 -200 22 -164 -30 200 -183 -180 0 33 -71 119 -135 -108 135 -200 120 -12 -38 90 -150 110 -13 0 177 72 61 195 0 -16 5 107 -61 0 45 89 -178 -77 -165 -136 -5 11 -14 200 8 -200 151 -89 158 200 198 194 200 -179 0 200 161 -9 200 0 -65 -75 -200
-38 -66 -179 -17 -200 98 138 -8 0 181 -141 77 -38 -14 148 -87 13 -116 -91 200 200 23 200 200 -164 144 112 -165 -196 89 170 -111 200 -180 -87 -38 -34 146 0 -123 200 11 -200 -178 159 45 -35 -15 -58 -200 -185 89 -87 -123 -130 -200 -170 -155 -32 200 -113 -110 101 171 28 200 115 -9 41 0 0 200 67 90 83 0 -70 -47 -173 65 0 152 0 187 -155 -121 -153 200 65 200 139 9 54 64 -53 -159 -200 0 -83 83
-118 187 -53 169 -95 200 94 -157 -89 94 -200 34 0 122 -175 -78 0 -195 -46 111 -200 200 0 130 75 151 0 0 -193 0 -100 -168 -39 71 0 200 0 -99 -200 0 -200 -200 -198 -59 200 0 0 -200 -160 190 193 -158 27 -37 -200 32 14 -40 200 173 200 -176 104 191 191 -175 184 -200 5 135 80 -113 42 -200 -77 49 -27 22 200 182 -75 -174 200 165 -14 -68 200 5 -169 -7 -180 138 123 -68 -149 93 -200 -182 -200 200
200 18 61 -114 56 68 -85 198 -200 -59 0 -190 -200 -200 200 137 122 -93 46 200 200 -90 -81 110 -119 -200 -56 141 127 40 -153 -118 -200 -160 19 93 -200 200 -200 200 -200 -10 145 78 -144 -141 -25 137 200 118 10 170 150 0 187 -200 -185 200 -169 152 80 -200 -110 0 0 -193 -200 -200 200 -10 -52 200 0 57 -3 -88 0 200 -200 146 -157 -151 171 180 -113 -191 163 -61 148 138 146 -89 62 200 -122 -193 -197 51 -65 171
-184 -163 91 -200 200 200 136 191 0 -23 200 -200 115 126 139 -92 119 -200 200 0 194 -200 -45 200 23 186 -200 -138 200 -199 -45 200 0 -10 150 0 -25 -156 -200 -39 178 -117 -103 -35 0 -130 -143 -189 54 0 -158 186 -198 166 -55 0 -56 -145 184 -197 200 89 -186 -200 -159 -59 -67 186 -54 76 135 -200 -127 11 67 200 0 13 -128 166 103 -34 0 0 -28 -108 37 -144 172 165 70 10 -112 0 43 121 29 93 181 161
180 200 200 -3 -200 95 -119 -175 -200 -22 103 85 162 70 -93 -82 35 35 -90 0 106 159 -45 -200 -21 -200 -200 0 132 -55 198 -66 200 27 71 -58 -106 47 183 -34 167 -35 -82 -69 -85 -200 73 -117 96 200 0 182 -1 -112 -200 200 -166 200 0 200 200 -200 -200 0 45 200 -108 -108 30 -67 0 25 -200 -155 200 -133 129 27 0 -52 56 200 -157 151 0 15 2 0 112 -191 -185 -191 200 -126 146 200 -200 -84 88 45
-48 147 -20 -200 -39 -23 26 200 200 36 -200 -200 -108 -195 0 0 200 157 -175 0 163 22 8 199 -200 -182 0 175 -127 -200 -177 0 171 -152 69 -37 -162 -35 47 174 -180 158 -141 -188 98 -70 -33 87 200 -79 -149 39 -184 -54 200 0 -104 166 0 -161 138 -141 -200 167 63 200 0 134 0 7 180 -85 124 200 -185 82 -190 -120 36 0 0 66 185 160 137 200 -195 0 -61 191 -106 -122 -200 156 163 0 -200 0 200 34
-169 59 200 0 79 -63 117 -120 -26 -200 18 59 -67 -97 31 93 80 186 -71 -27 -97 0 -88 142 -200 -122 108 -80 0 -200 90 -183 -64 61 -172 -132 -67 79 -122 -36 26 1 -102 -123 -68 0 131 -187 -178 -6 -16 -185 155 -10 55 -16 -152 186 -83 -138 -87 -138 -117 -200 47 -197 -200 200 41 -115 80 -134 59 133 -190 44 64 -146 189 0 -1 200 53 5 -59 -144 200 193 191 -193 -169 61 0 -33 0 156 -84 -131 192 -26
0 0 0 -41 200 -137 -173 200 177 40 -53 -65 -94 79 -109 -15 200 25 -35 111 -53 -104 120 -97 188 -69 11 -49 -86 31 -106 -200 0 -103 33 104 44 -115 -14 -78 -79 -200 169 127 -31 -16 61 31 200 44 -44 -53 64 130 0 -106 108 2 124 1 0 -182 -21 200 200 -164 -22 -183 145 -6 -200 200 115 -174 0 -152 0 83 2 -4 0 -110 11 -85 31 129 -200 16 -177 -55 200 -8 -117 -141 44 -29 -7 -73 200 -59
-102 -86 58 -114 -125 -191 110 0 4 -69 -174 -84 -133 -200 144 22 200 -23 -5 103 -14 -101 -103 -83 -200 -195 -45 35 1 -106 62 -135 -174 200 -130 -185 -94 -126 177 -158 0 -172 200 75 35 187 13 97 124 -97 65 200 -17 159 200 -42 116 -200 89 58 -82 2 -115 0 0 -148 1 129 55 200 -200 -200 63 -152 -122 -186 19 32 194 -200 -151 -200 -10 -37 52 18 -59 110 -86 -131 -153 -3 -173 25 -14 -123 -90 -55 -97 43
-97 0 120 66 200 -167 -120 0 0 -34 -84 0 -54 -164 169 -194 -200 -137 151 -127 184 38 -172 -4 -174 68 -196 192 -151 75 95 69 -139 -200 173 -115 -54 124 -109 154 0 200 0 25 30 -31 0 86 89 -65 79 -82 0 102 -200 -200 -200 -150 -44 0 200 -17 -85 -178 -180 -200 0 -8 -75 -7 -79 110 -177 -116 -42 150 95 0 -200 0 28 200 123 23 198 181 33 80 46 -199 -200 -200 -200 0 156 171 200 -76 86 -52
-109 200 -56 -14 48 19 -187 -15 0 -166 -168 0 106 -65 -160 -86 117 -69 184 35 -57 173 0 -200 -200 0 -200 -137 -156 -123 200 -42 200 164 200 127 -29 200 27 103 -200 -173 152 -157 21 -162 -106 -65 0 52 0 -53 -16 0 200 112 -63 179 -28 33 0 -180 0 -62 -119 146 -156 -179 123 -56 -141 81 200 -197 0 200 -11 56 145 61 -14 -200 42 6 4 200 175 -29 -145 -200 120 -200 -200 188 83 200 97 193 186 184
197 -68 74 200 135 0 -105 200 45 -83 176 -160 198 179 0 -167 -77 200 -41 -132 -144 -10 179 44 -200 199 200 0 135 -147 -113 0 115 200 157 -58 0 103 -173 -59 129 67 -156 -64 -200 139 -108 200 -12 -6 -46 131 72 -66 31 198 152 -76 -25 -51 -107 -169 0 10 30 -200 -79 -200 88 200 -130 80 0 0 0 -136 200 200 200 -200 -100 200 0 -151 0 -36 -1 0 25 -11 128 -186 -197 -200 0 0 108 14 193 -158
-119 -14 -200 0 -150 200 -200 -6 0 87 -200 -172 167 0 -87 -200 -200 181 149 124 61 -8 185 89 -170 -15 149 18 77 200 169 0 -139 200 -145 -142 101 190 -41 -200 -92 83 -14 4 34 -200 -115 -152 -24 92 0 0 -156 54 94 -46 -51 21 151 -54 -72 37 63 -199 0 51 -132 -179 -149 43 -111 120 0 161 -16 135 71 200 -10 182 -65 -158 -200 32 -191 -59 -160 -108 -5 -119 179 0 47 200 75 -90 21 86 3 117
200 -85 -146 -148 -145 -5 28 -36 200 81 -170 -200 1 -11 35 115 63 132 -200 0 -70 -68 -77 128 8 -125 -15 -200 101 -63 57 -12 50 77 -144 -200 0 0 -22 113 200 -167 -192 -142 85 200 200 121 10 118 -177 0 200 -55 -43 -186 143 -32 82 -147 -200 -200 0 -137 -135 -148 -200 134 -28 -122 -199 -104 101 132 200 0 0 -9 -98 200 -189 200 0 -125 -70 24 -200 -144 200 -200 -178 -200 -163 0 8 -200 -200 112 130 -12
200 -133 -182 -158 -157 -5 -193 200 -118 200 -65 -74 0 0 138 -143 -20 123 50 -43 61 121 -172 -98 193 -59 -200 106 -197 -78 78 0 -103 -23 -45 0 148 -200 -158 0 -73 38 70 -74 -12 133 34 0 200 154 -176 -22 164 -30 -199 25 -136 42 151 -200 -46 -194 200 194 -129 200 -88 45 -52 -75 -164 79 -200 180 200 -160 -20 -166 -38 58 134 -190 0 -181 14 0 -112 95 97 193 -12 21 200 36 200 -200 2 0 61 -169
-119 24 200 -100 -138 0 -200 120 200 -23 -200 47 132 -54 31 -200 136 87 -21 62 -5 -200 130 -193 -31 -153 92 -2 -200 31 -145 151 -82 -74 -115 0 -27 84 46 31 -154 89 -68 200 0 0 -23 0 -162 7 160 -64 -25 200 -200 178 -84 -200 8 -200 -124 59 128 0 169 0 195 -143 -81 54 -119 200 -183 -128 200 -39 -43 143 -13 -76 52 177 0 -102 -200 0 -4 88 200 0 -200 173 38 -200 140 -98 -101 0 -200 61
188 196 -195 89 -165 0 111 0 166 3 -20 200 -152 145 0 200 194 11 -103 200 -100 25 -41 181 -200 142 133 0 -162 200 189 -66 94 -186 96 106 -200 -200 -200 -19 152 200 -61 0 -44 200 96 150 133 30 -125 180 -200 -200 -93 -200 200 0 0 15 -192 -185 -200 0 158 -200 200 0 -200 -61 -166 12 136 -11 17 -198 0 200 147 0 -200 37 200 200 -121 140 -93 -191 98 -17 21 -70 -119 -78 -200 -200 -91 -28 -200 -127
-73 156 71 22 -40 -175 -200 200 0 200 37 -23 -195 -160 115 175 2 199 54 171 200 -98 -83 -198 64 -109 167 -29 -200 -40 -200 200 -53 -200 0 200 80 0 -7 57 145 0 200 0 -162 -64 -35 -177 0 -56 117 163 -33 -13 28 164 49 13 200 104 -144 -187 177 -200 -38 -72 18 167 -83 84 17 0 -179 -191 -76 143 0 151 130 -83 -177 -16 0 72 57 -33 -185 200 143 -62 43 -64 0 174 -200 109 -50 -190 49 -173
200 -111 48 36 52 -17 76 0 0 -200 200 -59 56 -200 -96 -200 -181 28 -200 -194 165 -11 200 140 200 -166 -6 -140 117 117 -200 -32 -164 196 200 -15 -129 -117 172 -152 -182 200 0 -47 142 0 167 -24 -149 -128 -57 93 -22 -200 161 -200 -200 48 -62 33 0 149 -167 -173 29 -200 44 0 135 -200 200 200 4 34 -40 -62 -15 -61 -71 149 200 -144 173 -16 200 -190 0 71 -35 -82 185 -94 0 -41 200 -63 -123 -110 185 -96
174 200 141 197 200 108 -6 200 59 0 200 200 -130 -97 200 184 200 -96 125 -199 -170 -85 -200 90 58 -142 0 0 173 137 33 161 -76 -87 -7 64 -197 -107 119 0 0 86 10 70 108 -47 200 -24 -200 -144 -72 -1 0 -17 -122 58 137 191 -59 -9 0 135 0 -200 167 -187 0 -79 148 -200 -148 173 -150 -172 -132 178 10 -122 -126 -193 49 -149 8 83 200 200 0 3 144 21 22 144 11 -68 163 -157 -66 -41 -200 51
-29 93 150 -17 0 -120 0 -143 -94 122 0 133 -189 13 -75 154 -113 17 -1 200 113 200 -200 175 18 -81 -200 -142 -56 39 136 200 144 0 -23 188 -41 36 64 0 188 -130 -67 0 -155 -81 140 35 -17 -178 101 189 200 104 0 200 -58 -186 74 -200 -3 0 174 69 -56 118 7 153 200 0 -167 -167 -46 -30 -74 0 27 -137 -12 -26 -200 86 -119 -83 -101 -27 -200 95 173 200 199 102 200 73 200 -164 -125 -114 193 200
124 -73 26 -25 -21 0 0 200 -172 200 -92 0 -142 133 151 0 200 93 200 -64 181 102 71 -184 -30 200 0 7 9 -150 101 -118 -117 0 -116 -200 0 -12 -186 12 38 -200 -15 200 -153 83 200 -152 25 -188 200 178 -188 61 104 122 -200 -48 0 35 -200 200 196 -141 -102 200 155 -172 149 0 0 0 200 0 -105 -155 -200 187 -87 88 122 140 50 0 -134 172 -96 -158 -200 120 -143 110 136 185 68 178 135 36 -149 200
-104 -11 158 200 -23 109 -104 72 -70 -124 -41 123 -18 -200 -34 34 -105 -11 10 26 -36 180 0 -200 -90 -193 -200 189 0 200 -98 200 172 56 77 -184 11 22 -200 74 140 62 -200 0 200 152 -103 82 -200 200 178 83 29 200 -182 -161 -112 19 -156 -173 -59 192 -200 110 -198 -117 -200 0 -150 0 200 -126 -126 166 -7 140 -163 200 -200 0 -18 165 37 -18 200 -200 0 -177 28 200 -200 55 -195 -3 -200 -1 96 -2 104 -164
200 134 -39 25 -149 200 -200 -155 93 0 -137 192 182 -183 14 0 47 -172 -103 -14 -133 0 102 200 -200 -27 -150 200 0 193 169 118 -72 0 88 -128 200 -200 0 137 -151 39 0 -172 -200 -155 200 -68 -152 200 -71 -157 200 177 -200 195 -186 -41 -156 200 -34 13 -101 92 -28 0 0 -106 0 2 -27 200 116 42 47 85 178 -200 -175 96 49 -199 -27 0 -200 52 -143 -200 83 -142 -165 0 -94 140 200 200 200 200 36 -119
0 -120 -159 169 -131 -200 -200 101 175 0 -105 -29 200 86 -200 0 -158 -115 22 11 152 -200 138 -14 -194 0 0 146 -200 108 -178 0 149 -165 -123 0 -7 0 -104 186 -68 200 163 200 49 -200 14 120 -41 64 -200 -182 -159 0 200 74 -183 10 107 122 -177 0 98 61 173 -188 -182 -108 0 90 -72 28 -73 4 143 -165 0 167 0 130 68 41 -200 0 -96 111 -189 200 -41 169 -140 100 -136 200 -200 -200 -200 -36 -46 117
0 -113 -131 -200 -146 200 97 -159 169 0 -159 159 -55 0 126 170 -169 180 46 -200 106 182 200 200 73 87 -92 -32 -78 200 200 41 -17 0 156 -53 -193 0 200 125 128 200 0 77 24 -138 -138 -29 0 -60 139 13 -91 107 200 -165 200 55 17 200 134 -58 -59 -55 0 0 0 72 166 200 -75 -81 0 -79 151 -200 -156 106 197 -64 0 -200 -200 41 45 -20 116 -12 66 -141 -78 -200 133 16 -176 174 7 200 93 -13
200 0 135 200 -132 -197 -184 -42 -185 83 -61 0 66 -125 -85 200 200 -200 -200 122 146 49 200 -171 0 -148 200 -44 0 60 -200 17 192 -174 125 -96 -46 -51 180 -200 -155 -82 0 33 103 -13 -179 153 -200 -13 -51 -95 24 77 131 200 147 -87 162 0 -8 -156 176 -143 -200 0 -15 129 -185 15 -125 200 -144 -58 -195 -23 0 -67 63 -200 -200 119 -76 -104 0 50 11 -42 -200 -5 -53 -80 -122 111 0 146 -33 0 -33 26
200 -49 -179 -22 -175 0 -158 115 -101 194 -134 -200 155 0 -133 129 58 105 0 -183 -156 196 198 179 166 0 49 0 200 -55 -114 10 -52 200 -200 200 0 200 20 110 200 -152 0 200 0 -200 39 22 -7 -101 -200 -173 -39 165 75 -200 200 -3 -90 -70 90 0 -34 -72 36 -146 -52 66 155 -76 -200 0 -98 152 -137 -114 158 -138 0 -75 -79 11 -27 56 -199 125 193 150 -200 -149 0 115 0 103 2 200 0 -147 35 9
200 118 -200 -5 -200 9 -183 -85 -173 72 150 150 200 200 -1 -200 -97 -200 -95 200 62 157 110 200 198 -155 -38 49 124 0 -169 91 0 -200 135 -6 14 192 185 -101 195 -101 -200 0 -71 200 -47 187 -11 -140 -121 84 162 -125 -41 -200 33 -104 30 200 -73 -18 200 97 0 99 174 151 -75 -200 -200 200 112 45 -165 144 -181 29 -48 25 -146 0 11 0 174 200 -169 136 -105 0 0 68 152 0 -179 -55 134 116 -17 -91
34 -175 -99 109 200 14 103 -85 -51 148 0 84 159 -50 135 85 -182 200 0 200 0 -91 24 54 -200 -114 -17 -186 -200 124 0 0 200 170 200 -73 101 -200 -127 -57 63 -162 17 -97 0 37 0 130 -200 -148 -200 -144 -198 94 -13 -169 -58 126 -140 200 -139 -11 -200 -12 -61 40 -38 -136 200 196 -87 -96 54 -200 186 -200 -67 -133 0 -185 0 200 200 184 25 195 197 -147 0 143 200 113 200 110 200 131 -63 18 57 15
117 200 -93 -21 -200 0 190 101 57 23 200 -108 -200 5 -84 0 -111 134 -99 0 -187 200 0 94 -63 45 -178 -200 -200 -200 -96 70 -79 92 -149 200 0 200 30 155 -200 -194 128 93 0 -17 -52 0 165 4 -124 -200 -184 -161 0 178 -196 200 97 -81 200 -200 -200 -200 -117 141 -200 140 -149 0 56 186 -71 -50 32 -51 200 0 24 27 200 164 -23 127 0 17 143 73 -180 -8 200 -200 118 -120 -43 130 -184 156 138 200
178 0 68 -200 -200 -159 -200 -63 -165 -200 -200 -74 -93 183 -61 0 -200 7 195 -13 -86 95 0 -140 -57 11 200 200 107 -86 198 200 0 0 145 79 -137 97 -164 200 32 100 -144 176 -171 50 64 200 -9 -169 -165 0 147 200 69 195 -155 0 -57 0 80 -153 0 0 43 -17 -200 3 -13 -133 81 -200 15 82 -11 0 200 -155 106 -199 -97 -28 119 200 -95 119 -200 -85 -56 81 -82 143 -200 175 -200 74 194 -153 -71 -114
164 108 -200 0 14 18 165 176 0 -57 -200 193 57 200 0 3 98 140 -83 -24 -75 0 -167 154 178 -139 -200 65 -44 -189 -114 -191 41 -200 85 200 -20 -148 -60 0 122 -156 4 0 14 155 176 0 -103 -200 -135 33 -96 -117 -125 200 -99 92 -29 200 83 182 -6 34 39 152 151 0 0 -65 -84 -200 -200 -179 -108 -66 -112 -200 0 -159 -200 39 -162 -86 -155 0 -138 -98 -35 167 42 0 -135 200 -64 -158 -45 -162 122 -149
-45 -75 -158 -23 -57 72 -168 -42 -4 44 0 -39 93 -46 -98 -121 181 196 -163 0 20 -54 200 147 -200 9 0 -26 -164 0 181 -102 -159 122 144 200 95 109 -152 -109 153 0 56 200 55 80 199 36 0 -65 17 74 200 6 -152 85 -200 -185 0 0 -158 -200 200 186 97 -190 -5 -103 44 0 200 115 -55 197 -63 14 -70 0 55 116 0 -17 92 -172 79 112 139 189 -200 -16 -181 -200 -130 135 189 0 -134 200 -142 25
-184 -130 -128 -186 13 51 -19 168 78 -35 -200 -200 -9 200 -43 -185 200 -161 133 -50 -38 -51 -200 -60 45 -183 0 153 0 0 23 -107 -116 -118 -47 111 -200 -200 0 200 -75 132 26 -200 -200 -17 -132 -83 101 199 0 -9 168 -59 200 41 200 -200 150 99 -31 -66 -10 -161 0 -84 -200 87 116 200 170 -16 2 190 -3 0 0 129 -200 -2 65 200 -139 4 190 -56 200 -75 73 11 5 -102 200 -104 200 0 4 -168 0 155
-200 -200 0 62 -176 -115 -38 -200 200 -163 -102 121 -108 99 102 137 -66 -200 200 190 -200 123 113 8 141 109 -152 200 124 -197 -159 -200 186 -146 101 -99 45 200 117 0 -107 179 200 100 -167 -98 169 0 -200 104 175 37 0 -135 138 -23 -118 -95 58 39 -84 -200 -200 7 -12 123 -161 200 61 107 146 38 128 -197 200 200 -192 0 95 -200 -34 -32 125 0 0 -200 0 130 142 -165 200 39 -99 167 -178 80 -22 87 -45 116
30 0 -130 -101 28 -77 0 54 -200 153 0 200 143 0 0 0 -200 -191 -88 -92 169 -146 31 -174 166 -200 8 104 148 190 -107 200 200 -22 -119 -83 -99 187 24 154 -164 178 -199 5 152 -153 -200 172 0 112 -60 200 -200 -93 188 -166 -155 38 -52 -200 0 -200 128 -4 162 66 0 -200 -18 148 190 0 -200 -200 91 33 -200 157 -195 70 78 0 -200 88 -121 -79 15 66 11 18 -79 200 143 -178 129 -200 119 -39 123 144
200 30 200 200 -200 -103 159 109 198 140 0 0 192 -200 170 95 200 -161 -21 -123 -85 0 149 73 195 -175 109 0 200 -119 2 200 121 102 200 0 -165 63 200 138 66 -87 -79 122 -100 -40 -200 200 -17 35 -78 200 4 0 -73 -200 93 -200 0 197 50 -103 -138 0 89 -109 69 104 25 -59 75 -200 75 -65 181 186 92 -104 15 -71 -119 51 180 -141 -200 30 116 59 200 74 54 0 134 0 19 84 199 -105 21 0
-77 167 106 102 164 134 -164 0 66 -199 0 -183 -102 -52 -163 -188 -200 38 105 -99 0 -186 -94 195 -132 -200 200 -121 -200 0 200 0 -35 -160 -102 200 -104 0 -200 121 106 -10 5 -189 119 190 23 171 -138 -200 200 -200 196 51 119 86 -56 -200 -200 -170 26 0 40 42 -104 133 -146 -133 -200 -198 28 -149 -142 -49 -45 127 200 -89 -42 8 -162 -117 -200 161 147 177 -9 0 130 170 200 -9 124 -141 0 197 139 200 140 -70
-167 -188 -28 -42 -174 200 -67 -157 28 0 0 141 -191 -190 177 200 -83 34 -200 -108 200 200 -142 -89 102 200 -176 -115 -73 -52 -16 -164 -125 0 -11 -75 200 200 -187 -40 200 -158 200 0 0 134 9 2 -15 -151 0 200 0 -5 -72 93 -21 0 0 0 200 -138 -26 -172 -57 134 -5 199 -42 -44 139 -24 -14 16 12 200 129 -144 -159 -120 -10 -32 173 200 -27 39 158 46 175 123 200 -138 48 153 -168 101 -137 113 167 200
58 -155 15 -135 0 -200 179 -147 -200 -57 200 -200 55 13 -93 -46 168 -111 0 123 -69 44 193 34 177 50 180 -135 200 0 -102 135 -112 -121 -200 -200 -200 -123 -32 -113 -91 0 0 91 60 -144 48 -32 -77 -200 -190 200 -51 90 65 83 36 0 -196 -152 170 200 128 158 -82 200 -200 200 97 200 -183 -68 153 -3 7 200 -200 0 168 84 -53 -200 181 17 0 -200 -92 -200 154 80 -132 190 179 0 199 -81 44 112 24 -166
-151 -39 -81 200 -26 183 -175 79 0 200 -154 69 0 200 43 35 200 160 0 130 52 141 130 48 14 -108 7 -200 -200 0 -63 59 35 200 200 -147 -195 -69 26 139 0 119 200 63 -200 195 -54 -84 -146 -1 178 0 90 200 0 36 163 200 6 94 -130 116 -200 38 111 72 -58 82 -159 -159 200 145 -42 0 -33 -200 11 81 -51 45 -122 0 -13 -199 -121 -90 200 -76 29 -200 143 161 156 169 132 200 -91 33 -77 41
-175 0 118 15 200 25 62 0 119 -74 200 -61 -154 -160 200 111 -108 111 -48 0 0 -12 31 -95 200 0 -152 -200 -107 -81 -197 -67 146 -144 -200 -131 0 -18 -200 200 -70 69 154 29 -200 -200 -158 -178 98 109 0 0 57 177 -200 119 -66 -81 170 0 0 194 -65 -200 79 -200 162 0 -80 -8 154 47 82 17 99 -126 0 -24 0 -200 46 -61 117 110 200 200 44 114 -142 -65 -98 42 -126 114 -200 0 91 -61 0 57
199 -196 0 36 76 200 149 -166 -171 -200 0 -58 15 -150 -61 122 145 189 0 -29 0 -200 172 98 115 -70 -200 13 42 -192 -200 -128 -107 0 81 -118 156 -59 -19 17 85 161 -13 0 43 36 -56 137 -17 -200 -8 135 -141 192 15 37 86 -4 -102 -69 0 200 -21 118 -128 -61 -89 -66 57 9 -167 -200 94 -182 -22 -47 101 200 -55 52 -24 5 155 -79 -103 -200 -145 -178 179 64 -198 -42 -139 -25 41 152 17 -117 -200 96
-38 -200 200 -124 146 -166 131 132 120 0 98 -115 140 200 0 -122 -108 75 -200 -200 185 5 98 100 0 0 -102 -15 76 112 -200 -17 -200 110 2 88 -200 59 77 200 -32 46 -140 10 -116 200 -64 -78 -130 200 93 -52 126 -57 -79 -145 197 0 169 8 -200 -8 200 5 -23 0 -200 -196 44 -190 -10 0 -99 0 122 -200 200 159 195 177 135 13 92 -103 154 160 0 -159 -25 52 -200 130 187 200 126 0 186 18 -140 -178
-171 -11 -200 52 94 200 -56 200 -5 83 162 195 -200 -73 0 0 -103 195 -200 200 200 -141 125 -86 103 -200 115 0 37 100 200 -7 -157 -132 -115 0 -150 200 198 97 81 10 -33 200 -20 -21 -105 -14 -147 22 -200 -185 -121 -3 109 -200 147 138 106 -142 31 200 176 200 -160 -71 -99 44 -200 40 -200 0 200 57 -43 -90 0 105 147 96 -13 -200 15 183 -51 100 -60 138 112 -34 31 9 0 72 156 -103 0 -162 0 -32
0 89 200 2 42 153 2 142 -85 200 200 -200 0 65 0 -78 142 108 -172 -156 -76 -90 -22 -183 -197 -194 0 0 87 18 -52 -164 125 -27 -139 -200 200 172 0 -82 -176 0 114 -63 -179 200 159 176 30 0 101 -31 -190 172 -189 130 -59 -154 194 -89 197 180 192 -160 -139 61 23 -9 200 101 -27 -181 187 -59 -91 200 0 -45 -112 27 -166 109 200 -200 142 -13 -200 0 -200 -23 143 24 29 160 28 95 0 69 -81 -77
59 -65 -17 -140 200 0 -99 0 -152 -122 119 0 -78 -148 124 0 -15 67 -129 58 154 -60 73 118 180 195 -139 64 54 -90 0 149 0 -74 -158 -63 89 17 178 -121 200 -108 101 -3 -184 -35 57 -71 -165 0 -200 61 0 9 200 200 25 97 75 0 186 -200 -119 -82 58 25 36 -4 -159 0 141 -153 200 -135 182 151 193 -56 -122 200 -97 -74 28 89 -194 -187 13 -155 160 -182 96 -186 0 -152 -47 -108 30 200 -196 -6
-65 200 32 0 -108 8 155 200 0 -131 -141 -171 -7 -153 109 -200 -200 -54 -143 79 200 200 149 0 -200 0 -200 -55 -88 -39 31 180 55 162 -13 0 148 -129 98 -43 14 -189 -102 -99 139 0 -123 -169 121 -87 120 53 -27 0 118 173 80 196 0 31 200 -47 -200 159 -200 0 68 159 -200 -125 40 118 178 -57 -200 -175 102 -200 94 140 99 -121 0 -117 -149 -90 116 0 16 -136 78 52 0 -131 -200 200 -3 -83 159 -71
200 0 70 109 28 0 -100 -200 -167 144 132 -200 77 0 -1 200 -57 191 0 128 102 -146 -92 162 0 -49 -160 0 200 166 -23 -128 -189 0 -200 0 171 -93 -109 98 0 135 -4 -100 114 0 126 -200 -133 -105 39 60 -89 200 0 -200 179 177 -18 178 43 -162 58 61 -190 200 0 -50 77 200 -24 0 25 -189 197 -130 -98 97 -164 178 92 -187 146 16 191 59 -71 200 -147 -127 -200 -49 153 -29 -72 -17 113 -23 184 -198
-125 200 -2 -158 154 -178 5 -36 200 81 105 38 91 -200 -147 -130 -200 31 -200 -200 200 200 14 -182 71 -105 99 0 196 -34 47 -174 192 -117 0 -13 200 -55 -187 -188 157 0 -136 53 150 -200 -96 200 -133 19 77 200 138 185 -161 -14 -177 -178 0 146 -200 -133 -172 197 -200 -188 -69 200 -13 0 -160 200 144 -174 0 157 36 167 91 0 131 -122 53 200 0 -43 -200 -27 60 -141 115 21 200 78 0 84 143 -200 189 -33
-35 71 -200 -200 34 187 169 -200 0 -194 0 -73 -123 -114 109 -200 -115 0 44 133 -200 110 -198 -104 -94 42 -174 -164 0 -6 -200 156 200 -87 56 -200 -200 135 34 -101 -105 170 200 142 192 200 200 0 72 182 80 -200 -200 122 0 112 0 -200 -9 0 194 0 -200 -200 -173 0 -186 135 49 88 -17 -200 -139 161 -138 196 200 93 200 0 -185 83 186 76 0 -58 -19 200 -200 125 180 45 -91 115 139 163 28 154 195 -191
46 200 -200 -19 -179 -90 -59 112 0 147 -200 -200 -83 76 105 -194 -84 -200 -200 -45 193 -189 -132 0 121 -6 188 0 93 -141 51 200 0 -100 -200 -123 -150 0 0 -154 78 -123 -143 105 96 80 -137 -97 74 178 100 -1 -114 -174 0 9 30 18 -129 0 184 -22 72 -168 -3 0 -93 0 57 0 -180 59 -20 62 -46 -4 155 200 128 194 -143 -111 6 200 0 -117 0 200 0 189 -197 -4 102 200 0 29 70 199 200 141
-42 135 -26 0 157 -156 37 0 -193 70 68 -137 -56 -20 0 -125 -169 -81 -119 163 -116 124 91 0 149 177 -106 -106 87 -109 -200 -122 99 0 -73 -154 57 0 112 200 -200 162 200 115 183 -39 -200 195 23 -149 -200 -195 200 48 -113 0 -196 -200 -67 0 -90 0 -200 0 -200 -20 144 0 16 200 -176 -145 168 59 -138 36 152 -151 -200 29 92 0 -9 59 152 -200 0 0 197 -84 -38 200 136 -85 128 -167 6 140 143 -38
-70 75 122 46 174 121 60 -10 161 1 -131 94 -29 0 -16 -84 -40 -7 200 100 -6 87 -162 144 0 0 200 -106 -98 199 0 200 186 118 47 -200 200 -97 53 193 200 200 -97 -153 -189 183 -200 200 189 -63 0 -79 -164 20 -200 -6 164 -131 -140 142 142 0 0 146 0 31 200 -200 -33 -129 17 -200 0 102 -4 61 -87 74 -200 175 151 162 163 -200 0 147 -38 200 10 -200 -15 107 200 47 -181 -170 200 0 77 -134
-127 43 -126 0 80 5 97 -197 -37 0 142 -16 72 200 0 97 7 -200 -37 200 -119 0 163 155 172 0 -167 0 91 -69 -89 -176 -94 -161 -83 40 134 111 0 6 199 43 76 102 -200 -59 -123 200 -200 80 -5 -35 200 -199 -200 0 -50 -180 -114 -200 0 -200 -200 102 -189 -24 -198 0 -200 22 -126 138 31 0 59 0 -100 0 -168 78 -143 164 -69 -200 -200 200 -200 -61 36 200 -146 0 1 5 -89 -39 15 -68 -172 -81
89 -73 90 -11 196 83 200 -200 -16 22 -200 -175 -200 -28 14 78 14 120 -185 19 0 -62 0 -183 98 27 0 -200 -200 0 23 56 200 -55 167 200 -3 11 -194 -70 -66 178 140 -139 -176 -200 50 18 -146 0 77 200 -106 0 -11 95 -66 156 0 104 -200 -17 -200 -120 120 45 0 -138 -127 -200 40 111 102 -76 104 -2 0 -200 162 121 163 -25 -86 196 200 179 -185 -153 56 -92 -180 -4 200 -115 41 0 137 0 -34 171
-130 -200 200 -200 200 -80 -131 -105 103 -127 0 162 200 -193 0 0 135 -13 200 200 166 46 0 38 17 -191 -200 31 168 -96 62 191 56 200 200 197 12 112 -30 -200 -200 0 200 200 -200 -25 200 189 137 -41 -17 -138 91 122 149 200 110 171 12 0 102 47 142 -98 -196 -117 -200 -36 181 -114 -89 -95 -200 -199 -97 0 -42 71 -92 -200 62 -74 -200 0 197 152 -49 -61 177 125 -200 102 -154 -200 200 200 -27 -141 64 19
-105 18 -8 130 140 -158 -200 -173 0 68 -96 5 131 0 -21 -146 101 -200 83 90 0 4 -61 196 200 200 -54 -200 142 200 -129 88 -4 200 137 168 -124 -176 58 -200 24 200 -178 163 -200 -180 -123 -184 178 0 -200 -8 178 -187 100 186 -17 -200 166 -157 24 90 200 -125 58 -163 -97 200 -200 -50 -59 -146 -86 0 164 122 62 -19 28 200 -14 -128 0 133 93 33 -125 -200 129 24 -200 -56 -88 -128 0 -30 -23 -140 -149 78
-141 84 178 0 -14 167 -12 -57 122 181 35 3 176 -13 174 -167 164 0 200 -183 70 26 0 149 134 -34 93 -87 -132 200 0 75 -8 200 -157 0 -81 27 36 -181 115 -155 17 -200 180 -15 75 -131 0 -106 200 0 -61 200 0 -200 66 138 -177 200 -198 95 -200 -97 179 -63 0 30 78 -100 0 95 68 65 0 102 -65 -40 85 159 -109 -189 181 200 200 -98 34 -89 49 -175 -103 -134 64 55 127 200 127 73 200 -154
-8 -121 -116 200 -6 0 -24 -46 100 14 18 173 -138 21 150 20 0 160 -10 -59 5 200 82 -200 200 -60 197 157 45 -98 -14 76 -30 -200 56 169 -200 -56 -5 -21 2 -69 -166 200 -110 200 -200 47 182 -150 200 -23 147 200 -27 82 198 -111 145 -85 -28 200 169 0 125 200 31 -129 -200 82 -32 -189 161 -153 -193 -43 200 170 16 -65 -27 200 -127 141 -192 200 179 -159 -192 -200 200 0 -200 200 -200 -95 -33 122 0 200
6 0 -200 121 -200 65 92 -200 -200 -48 165 84 0 86 106 200 6 0 -160 -93 0 124 -200 200 -125 0 105 2 0 -65 -142 -104 -26 173 0 126 -200 -178 0 -69 -69 25 -8 200 200 108 0 20 -68 -200 175 -200 111 -113 85 -193 -139 200 0 -119 -102 93 -153 6 200 200 147 -1 134 0 16 -174 -33 86 -77 -7 60 200 35 -193 -134 -83 0 -98 94 197 -115 0 65 27 0 -138 -142 3 -116 105 -113 -143 -69 -59
0 -187 48 -148 50 -200 200 200 -157 -111 156 -196 39 181 -8 -38 164 -191 -108 -85 -200 -54 -159 -196 14 -75 200 -142 0 61 0 -200 87 -55 -156 65 0 0 -42 139 -188 105 0 200 9 32 9 -56 -200 200 23 146 200 200 200 -76 -37 67 127 33 -62 -142 11 -194 -91 200 200 78 162 36 -124 -95 -36 123 -112 200 0 88 136 -200 122 13 173 -168 45 -118 0 0 141 0 89 -20 -116 73 0 -16 -9 142 -95 192
168 25 0 0 121 -179 158 -200 -200 114 -70 -132 147 -127 191 -104 81 50 -200 -123 116 -200 49 -5 200 0 118 177 75 -200 -44 -40 166 133 -198 109 84 -7 117 0 200 -32 -175 200 109 73 63 -57 200 -127 35 105 84 -149 -100 71 200 103 -40 -81 171 -86 -199 28 -169 -6 58 102 -12 142 188 61 -200 200 -200 -195 -171 119 200 200 -65 -173 0 -200 -200 -1 0 0 -98 55 -44 -68 -200 187 95 123 133 38 -9 200
-144 196 87 -29 -24 48 0 200 -115 194 191 -200 79 -49 2 200 -133 -139 200 -81 -137 -182 -199 -144 0 56 90 19 192 -157 -119 -177 0 13 0 -102 151 200 -162 113 -61 125 0 -189 -177 -200 -200 179 -200 200 29 -21 0 126 -200 -76 148 27 -184 197 -200 -111 32 -143 -9 -142 46 -123 0 -154 132 32 43 44 170 121 191 123 -153 164 65 134 0 0 -175 -33 46 144 -47 123 -199 -74 0 200 -200 74 0 48 0 185
105 149 -189 92 -37 54 -147 0 -179 29 -169 -91 119 -72 -85 12 -128 -148 27 -200 -165 -34 -49 -195 59 1 168 -84 -34 -200 -49 200 -200 -186 -146 200 -57 37 200 -58 200 200 -200 120 0 -175 -200 -200 197 -172 -139 -8 25 0 -194 100 3 14 -114 -200 109 56 -7 -165 -128 26 58 -65 14 -17 167 -94 -200 200 -134 98 189 170 169 -68 -55 200 0 -108 122 13 5 28 -176 -153 -200 -200 92 -34 68 -78 114 -106 163 -77
-200 25 -185 44 -185 -91 117 200 52 -19 22 -77 0 178 200 -124 -171 0 -121 -200 -104 200 200 0 -160 170 -90 74 16 -81 -171 6 -200 200 118 192 84 -144 -83 81 152 200 -21 -111 43 37 -78 8 149 -200 37 116 -9 200 -93 -25 94 47 6 134 -52 200 200 -87 -99 -49 162 6 200 72 116 62 -6 101 13 -179 -50 0 -200 -200 0 81 -76 197 71 -149 -123 -21 0 -143 -97 42 -122 0 -107 -11 -175 200 0 0
-9 10 -25 0 -60 0 17 -101 -180 16 200 198 -121 -111 -200 84 -195 8 194 81 200 129 -175 -200 -34 200 -4 50 25 172 -200 -16 -80 -147 80 44 -84 22 -103 200 12 60 0 144 108 7 192 -73 -43 -16 -9 71 -133 200 93 69 -102 -7 106 133 -125 94 147 -23 200 -190 110 132 0 109 200 -196 200 -114 67 0 -139 -181 -124 53 -154 0 185 -125 -150 200 98 -109 -200 9 -101 -106 153 -121 -4 -100 200 -200 118 0
0 -31 -53 -180 0 0 106 -34 -175 -172 -200 -28 103 0 -200 -185 -164 -103 200 2 179 88 84 -200 -144 -87 4 85 -200 -200 -200 200 142 -200 -61 -143 -172 41 -200 96 0 150 -200 94 -50 69 200 -193 200 -195 -192 114 13 -63 -200 -200 88 193 -198 6 -121 -200 -26 -195 0 -177 -197 200 -163 -49 0 81 195 0 38 14 65 -76 200 0 200 89 79 -76 200 -63 0 20 -30 -127 -191 90 0 -156 -160 200 200 35 7 -100
168 -121 0 168 -200 174 -112 175 59 -185 24 27 123 -44 200 13 0 -105 -173 80 90 200 -168 -26 0 -137 -145 -200 131 0 0 -189 26 84 200 0 -84 188 111 0 -200 200 80 200 -200 -200 200 200 -6 200 200 -36 -8 -56 -49 -171 -182 200 0 -2 114 -200 121 40 -200 -44 -7 -185 -200 -10 -25 200 101 190 -25 65 0 -113 -75 154 0 -151 0 200 13 -200 -125 -131 158 191 -125 126 -73 0 200 153 82 -35 -190 -184
-84 0 -200 0 -164 31 161 -167 21 109 50 -181 200 -151 -172 0 -200 104 -102 -74 0 4 41 0 180 -36 87 0 200 61 -159 147 200 200 -100 170 200 -200 -199 -75 15 157 197 200 44 -43 116 163 45 -62 -51 -172 -41 -195 47 -28 200 -76 97 -195 137 175 -69 -60 -78 -62 -51 -200 200 136 171 143 -129 -170 16 -184 -29 -53 0 -200 200 37 -80 -154 -165 -135 -200 -170 151 -107 -47 0 -130 126 -90 -200 -9 -153 -172 115
14 11 -42 -27 111 0 168 28 200 -87 -170 170 -182 -198 200 75 -47 -125 -164 200 0 0 0 106 182 147 44 -63 -92 0 -52 189 0 -153 162 -138 -200 -155 99 0 -169 113 156 96 141 0 -85 -139 -151 116 -5 115 52 200 191 -87 0 -52 -73 -31 113 64 -45 25 71 127 36 -55 0 153 0 11 200 6 -104 52 -24 -26 0 200 200 0 93 -196 0 120 200 200 59 138 -18 -75 -170 -53 -177 -123 27 -110 -195 200
-133 107 191 22 55 72 0 -26 -70 -177 -24 -4 162 20 -128 130 -200 -130 189 130 199 200 26 49 81 -200 -109 -200 -23 0 -200 155 79 -200 35 156 0 -200 122 98 -140 198 200 -186 92 -88 -67 76 148 69 200 8 122 -192 -18 -118 155 198 -200 -99 -115 92 136 128 133 -110 -117 -120 -160 -36 -180 -3 41 -77 200 -138 25 -12 82 -25 186 24 141 -199 86 -134 -164 -200 54 200 -195 -67 -200 0 0 -92 -62 -152 11 167
-43 200 73 138 200 63 200 -13 -123 200 44 58 -81 -113 112 -200 198 80 200 -200 -161 49 -125 -200 -200 -162 -123 200 -200 0 200 -200 -160 200 0 200 -175 200 -186 -8 68 196 128 0 -130 168 -147 134 63 -129 0 -51 -31 0 180 -18 0 13 188 -200 10 200 0 -119 -177 200 -26 -124 200 -200 -64 200 -178 81 -27 -44 30 103 164 141 200 -172 -200 200 129 137 174 -133 -158 -200 -200 -185 99 15 200 -40 132 -113 -134 0
200 -4 -142 -37 0 200 70 -45 200 -90 -106 200 0 134 -191 0 85 28 14 -200 200 -41 -186 -104 -136 165 -160 200 162 -181 0 -69 0 12 -62 -62 20 -159 28 156 64 -200 -193 0 122 -11 66 -200 200 60 59 200 168 -106 0 -187 159 169 34 -169 -143 102 154 -200 179 -200 188 128 -180 3 -40 -45 -26 -8 -194 9 -22 -142 -77 95 200 128 -50 145 0 113 190 -66 84 42 -169 -200 -157 -200 200 -200 -105 -134 -195 109
30 -134 0 -200 -200 96 0 200 4 0 -14 126 -38 80 0 45 -200 -70 -175 200 54 93 0 84 -200 -139 142 -200 0 -10 -77 118 166 200 105 -181 -124 -168 0 89 -53 36 -92 -200 68 -200 73 -200 -134 173 93 -167 -136 -130 172 -92 76 0 83 -64 0 200 112 199 175 165 -86 -200 -189 129 34 200 93 22 100 168 -71 25 -30 111 60 -200 175 106 0 142 -63 -200 -179 200 155 118 73 -44 167 195 117 -44 103 30
-86 59 173 -103 -200 200 189 -124 6 181 88 128 -48 -111 -127 186 -91 0 -5 -74 167 -71 97 -71 -200 200 155 -84 -4 149 -200 101 200 -87 -35 -200 176 162 185 41 -64 -28 -200 150 142 77 -2 114 -76 200 -2 146 0 67 0 170 0 162 103 -140 54 0 -134 -200 77 200 193 -154 -31 -200 -72 0 139 152 -185 80 150 -55 -136 -140 155 190 119 31 85 0 -55 200 0 -26 -49 0 0 91 65 33 -70 32 55 -69
-200 -133 111 88 -112 14 -87 200 70 47 122 -61 -97 38 -170 -117 -94 200 149 87 -113 0 179 -132 149 -112 -200 -132 76 53 191 200 43 0 138 -200 -37 -200 -169 191 94 50 17 -62 124 200 -198 195 92 185 -169 0 39 0 200 -58 30 166 0 158 -120 147 -163 200 -171 143 119 92 -19 -76 0 147 71 -200 0 84 -126 158 89 103 198 51 72 -200 107 138 -17 135 200 -189 196 200 -50 -12 175 -80 -44 -79 43 -108
-188 136 -21 -200 113 191 -200 -171 -113 -53 -15 172 -179 -84 173 -72 200 -182 113 -200 142 -93 109 -200 -128 200 170 -181 -49 60 169 -29 149 14 -155 -31 22 56 -180 81 62 -123 69 200 0 -135 -173 -1 91 0 0 -164 -32 -100 -29 108 -179 0 0 -40 89 0 0 0 188 189 -11 173 7 172 -66 -173 47 1 -53 -72 -61 -116 -54 -200 -124 5 -78 200 164 -91 0 -200 -153 -147 2 200 200 -200 200 121 44 11 -131 189
-29 -180 0 -25 155 -39 -99 35 77 0 0 199 -121 -58 -92 88 -150 -51 -38 200 -142 200 0 0 4 0 -200 -66 -36 0 -68 13 -200 196 -137 -136 200 186 -66 -191 -51 62 -195 -200 -131 -157 4 147 -165 200 -162 169 200 0 -182 -200 113 174 -84 10 -195 24 -123 80 -200 77 157 -200 9 -35 -71 -96 156 36 86 200 -48 26 -200 108 120 200 -160 67 -108 -200 -186 0 -146 -38 177 -164 0 200 -104 161 -50 -4 0 -184
200 -44 69 -200 111 -77 65 -200 -127 -165 0 39 -98 -6 200 -200 57 53 -194 176 6 -108 40 -2 200 0 200 51 108 176 -123 -171 -171 67 62 -76 8 12 163 -25 0 -62 152 -51 -13 -37 -106 35 -83 -168 -111 -54 180 -163 -60 140 96 198 200 0 -43 119 200 0 200 132 118 200 87 0 199 -200 59 -200 -141 141 -200 31 -67 -200 -111 140 171 0 0 -80 -8 -8 178 -22 -21 -82 -174 145 -110 -54 -196 200 -161 -84
-60 0 60 -182 12 200 26 -68 200 -16 -190 -16 -192 -98 -137 99 200 -194 -39 -130 -36 0 145 9 -82 -200 9 26 35 -160 184 -18 -120 81 200 -68 -126 -157 155 -200 -72 123 -43 41 -111 -102 179 162 161 -114 191 38 -125 200 -131 -200 44 -39 185 6 0 -10 0 200 200 173 -92 -200 0 0 -173 105 -141 54 0 -75 4 -34 17 191 112 0 -5 0 52 75 200 -200 -200 17 43 -117 -121 200 200 -200 197 -47 -55 0
-63 112 162 0 63 200 0 167 0 32 -87 -126 -23 200 200 -41 -198 -176 200 -43 120 -142 200 -2 -174 167 -120 -40 145 -85 -153 200 75 168 0 148 -200 39 169 -144 7 -91 148 171 56 129 187 109 29 200 -113 35 -145 0 -188 -148 177 -94 -200 14 -69 23 73 -21 22 -69 -126 -117 -86 -200 46 -90 0 146 200 125 109 -195 -200 200 -169 200 70 141 -22 0 0 107 51 141 -130 190 200 147 0 200 -94 82 0 -182
-147 -119 -200 20 -155 111 200 -114 -26 -145 200 -46 0 58 0 172 0 -194 0 -114 -126 200 67 -139 -38 200 -170 0 158 194 0 -200 0 -55 200 200 -160 65 186 148 172 23 -128 55 43 28 -117 -179 -59 105 -190 -56 -200 -9 -150 -7 -200 -36 70 131 -161 -143 200 89 -200 0 -171 0 -94 -11 -200 87 -145 142 -14 76 200 0 117 200 164 0 200 -199 82 -59 -4 66 168 200 -41 200 138 -98 -121 43 0 0 119 200
14 71 -64 52 -7 200 16 -200 10 -72 -102 -56 86 -114 194 0 88 -193 -164 79 172 -200 -182 -200 57 -55 -86 -10 160 195 -200 -72 -153 52 21 95 -177 -32 200 170 -200 -43 200 -117 0 200 -176 200 -74 -200 0 -73 -182 77 -162 -200 -133 0 -65 76 0 -7 105 36 161 -104 -88 0 82 191 10 176 60 -186 0 170 -197 -200 21 136 -200 161 200 176 -200 198 200 -86 -200 200 -109 58 -103 38 -142 61 -143 85 -200 160
140 200 115 -200 -137 121 -200 -171 47 -175 200 -132 161 0 102 129 -174 -173 114 125 -200 92 83 200 -200 200 -123 -133 -85 -59 167 25 70 56 -55 -196 162 149 200 0 0 37 200 -170 155 -79 83 -78 0 55 0 -200 -40 49 192 178 200 -7 -113 152 -200 2 -57 189 0 129 -200 -49 -86 -94 23 174 -86 0 -124 -200 -200 -11 133 19 -21 104 78 -95 9 90 11 -132 0 84 -106 124 -154 -187 132 -25 -24 200 -12 -97
