998919847 99 2 79
0 0 -50 108 -59 0 124 0 -42 -200 -144 0 188 126 24 187 182 67 0 -125 -200 -117 -200 -200 56 22 200 -150 -133 -87 -200 83 24 200 -186 19 -49 -88 26 200 182 -177 -143 89 0 -175 -200 50 128 200 200 189 -40 89 64 -154 -200 -144 88 0 0 -140 70 136 188 103 88 95 105 77 200 55 156 124 0 139 -70 120 -142 1 -159 47 200 176 114 138 26 -66 200 200 0 200 22 200 -79 200 -198 0 124
139 -170 -19 -42 200 117 200 200 0 123 -200 0 -143 -80 0 200 8 43 -61 -200 0 -112 175 -61 -124 5 179 -189 0 200 -167 -118 -125 134 155 -82 -118 11 200 63 0 -143 -73 6 0 0 -110 119 200 -69 60 0 -136 53 187 37 -137 -11 79 200 -149 -81 104 -101 -200 -189 110 0 -73 -200 -127 0 -8 -187 0 -200 62 -104 -105 10 -105 -200 -34 -92 -46 187 120 186 138 -102 200 -106 -200 22 -44 -10 -29 -26 176
191 -136 -105 -133 -76 171 -40 -200 -198 73 -28 200 0 15 64 -200 -4 0 200 200 -20 21 -149 80 76 -39 200 -200 -1 0 -200 160 18 200 -200 8 142 183 -10 -27 96 200 -29 177 -66 -195 -33 -78 200 200 -200 -200 90 -161 46 0 40 -52 -9 106 -200 -90 -60 -106 127 -54 19 66 159 33 191 10 56 -111 -200 -200 -128 72 19 200 53 0 168 43 102 21 0 -169 200 46 1 -136 178 -69 -200 149 -191 -169 -170
150 67 154 -156 -200 -185 -104 128 -200 -100 -199 -195 150 -132 186 -193 -15 -200 -200 56 172 -200 -78 -106 0 -147 40 0 142 0 124 200 103 -127 -14 200 -163 0 102 200 47 -47 -8 200 82 105 200 -138 142 -200 37 -200 -200 193 -182 -64 -200 0 0 -97 -69 160 -160 104 0 72 85 -179 -164 0 0 -115 11 -200 108 -67 -123 77 199 -106 -114 -78 -200 -85 191 -143 -44 23 9 -149 160 -1 -139 -33 0 0 -138 189 200
0 75 10 -200 0 -136 200 -43 -26 0 -200 20 90 181 -94 104 0 0 -140 200 -74 -192 0 128 121 -8 200 11 -200 -86 200 66 190 0 -200 -173 95 83 61 -80 129 -139 -200 -35 -21 -200 99 -105 34 -153 0 -200 -120 -123 -172 83 23 200 132 35 151 -49 200 168 44 0 -4 0 200 0 86 -14 -195 6 -190 103 199 47 151 -13 200 103 -200 187 7 -19 0 74 -200 35 -183 -200 4 -166 89 -156 -117 0 200
200 151 2 68 -92 -104 -159 -179 64 153 -200 123 7 -122 90 -116 -200 200 37 -103 -200 164 -184 200 84 -189 61 0 11 -195 0 0 149 -16 -161 46 23 0 -141 0 -200 -2 70 14 200 167 36 -200 200 0 -119 -107 128 170 4 -4 -159 -194 0 200 141 163 0 36 -116 126 -55 -176 0 -177 200 -200 67 119 -200 200 -156 0 200 174 8 142 -157 0 -162 200 15 159 -200 3 -151 75 37 -200 -121 13 -200 64 -100
88 28 153 185 183 151 96 -98 -158 50 -147 0 -29 -157 133 0 -1 -200 39 -85 40 -200 -34 -18 36 75 -144 33 -23 0 200 -115 -188 -48 186 -80 198 62 126 155 -200 200 -62 150 3 -200 -8 -57 157 -138 40 0 0 -163 10 -102 -19 183 174 -200 0 48 126 114 -37 192 -200 174 -151 -86 170 -183 200 175 200 -105 -200 -81 200 115 0 -122 84 -56 -179 63 -51 -189 0 -53 105 -169 -33 -163 200 89 109 74 36
200 200 0 190 -200 -7 -200 -117 0 -1 -102 -49 -75 -111 0 65 107 -200 0 200 136 170 -200 -16 60 111 -200 48 -75 0 -1 -142 -200 172 35 -200 0 76 -186 72 0 32 -169 -7 119 -200 17 -137 -200 123 -6 200 0 -200 -135 -68 94 -98 65 -200 0 83 -174 106 168 200 82 2 -149 46 -200 122 -200 0 79 0 -147 -80 127 -54 148 -21 161 0 0 -80 -200 60 141 -129 9 200 72 74 78 -75 -200 0 200
200 -61 -57 -200 -46 -200 -80 111 -30 0 -117 200 0 0 -146 -187 200 133 -116 -57 200 188 200 50 108 69 -43 49 -156 200 -36 120 -200 0 87 109 -107 200 -170 -178 -200 113 0 -44 -190 -62 -200 -154 -101 0 -199 162 59 81 68 -46 -195 200 97 -139 52 38 0 200 -79 -200 193 200 -29 0 -31 169 200 35 -188 94 200 160 -20 200 200 108 -200 142 137 79 -200 114 -59 0 114 -200 200 -164 -44 -92 46 200 154
-111 -153 7 200 -148 -15 -189 -97 -100 -34 -96 41 0 -146 24 -200 200 -167 -200 200 152 48 105 -96 0 139 74 -150 -50 96 -183 175 -145 -200 116 -149 -10 98 79 -17 1 110 -189 175 81 16 -144 -96 -118 -199 93 -163 -13 82 -178 149 200 -178 177 0 0 157 0 65 7 0 22 193 5 -105 -97 -200 200 200 -165 -36 13 109 -27 16 25 150 -114 65 0 0 -78 -200 199 -200 -76 -120 82 200 -200 -36 -65 0 -3
122 33 200 200 0 -143 -200 22 -196 200 -200 104 -51 -200 -125 33 92 -200 200 200 -200 -3 200 40 0 146 0 -192 -35 180 -64 -197 200 -192 0 158 -26 65 160 -183 -127 -134 42 200 -85 109 -74 68 3 -4 124 114 133 -176 -8 200 200 -116 200 -7 100 -17 -181 -139 -68 158 137 -47 -164 117 -78 61 65 -88 -200 -164 -200 200 -156 33 -200 122 109 135 6 0 -200 0 0 -116 -112 -200 108 -119 45 87 39 0 0
-14 -153 -200 -64 200 73 90 -15 0 21 -18 130 -200 138 100 -52 43 0 -100 -200 140 -115 0 0 0 -186 0 163 -59 -146 123 -200 132 0 -173 0 32 34 143 0 50 132 -99 130 189 -21 -10 -165 -127 0 0 -89 0 107 4 200 111 65 -111 -60 76 -10 40 -106 102 43 112 -23 -44 26 54 -47 -129 -178 31 0 0 6 1 -184 -162 200 -200 0 200 -154 34 99 -73 0 -131 -24 -120 -59 61 195 -73 -15 102
-200 6 -49 -51 118 -200 0 183 0 200 -85 -186 200 -134 -146 -33 144 -161 -200 -27 -200 -52 0 200 84 -4 154 -109 -145 200 -131 -199 162 -187 -138 121 -13 115 -145 165 10 145 -72 -200 -31 -82 176 -200 51 157 -71 138 -26 -118 92 -172 200 6 0 -200 102 -200 95 118 -131 194 -176 -14 99 -5 158 113 -59 200 -148 16 0 116 200 27 21 -103 133 -157 0 -112 0 -77 -86 72 118 0 18 200 198 148 -4 28 -131
48 200 -14 -22 200 71 45 70 -144 15 -184 197 -200 42 145 0 200 121 200 46 84 79 190 0 -200 -3 0 -27 0 -166 -87 -183 0 -4 -168 55 -95 200 56 0 106 189 -159 126 -200 -75 200 -199 200 -127 138 158 0 0 48 27 -135 -105 -165 0 -130 -148 200 200 -102 200 -19 -178 -105 130 66 -46 -101 150 12 -63 30 -69 0 0 54 200 97 37 -124 0 200 0 135 -194 -65 -150 83 50 0 -200 0 -124 -193
-98 193 152 -29 182 137 0 0 -178 81 79 88 200 0 23 115 -103 200 -187 58 0 -27 148 0 0 160 165 175 39 -96 185 -63 37 128 18 -200 0 -200 84 -71 -200 31 -158 126 0 46 -44 200 50 -69 -109 50 -184 -29 200 200 104 168 -128 -1 110 -84 48 -200 58 200 -13 0 77 200 119 -200 -145 200 -145 200 163 179 -78 -200 -69 42 0 -55 0 200 -87 -117 200 69 0 0 71 -36 -96 62 102 0 13
102 10 -130 200 42 200 200 -159 156 200 141 -72 103 -190 47 -19 176 -70 80 0 -177 89 -87 33 185 0 136 -164 -200 166 200 200 122 -169 67 -200 200 200 200 150 -67 187 0 -52 -41 -26 2 30 52 127 0 143 -185 -73 65 200 0 192 152 0 -195 61 -31 145 160 -200 100 21 114 -133 -100 -200 -17 -200 -69 0 177 -200 75 44 0 -110 2 200 -76 -180 -200 10 107 -200 40 172 200 -200 200 187 -114 56 69
88 -152 -83 -112 -169 -192 137 29 65 200 132 -90 -200 6 200 152 200 80 0 -200 -100 -38 0 200 -117 4 0 -177 -175 -184 50 43 -200 160 -24 136 -55 200 -55 -28 -34 112 -10 -151 -158 200 117 -200 126 0 -73 200 -140 30 0 70 -59 -25 -51 86 113 -114 43 -118 106 -145 0 -200 0 -200 -70 -200 90 -200 15 7 -85 -93 0 169 190 -29 67 -140 -95 148 102 -194 -200 -200 -62 160 200 111 50 -74 -48 -179 139
200 0 92 -120 146 0 126 177 94 -21 164 0 -170 23 -175 134 -79 1 -8 -84 0 91 -200 -90 -23 -47 0 83 -14 -65 6 185 94 76 -107 88 -113 200 -200 112 101 -73 -189 0 -38 -47 0 195 -61 0 0 -126 94 146 42 58 110 -69 -44 196 0 126 -91 32 122 100 0 200 -72 200 30 19 -181 -76 -185 0 0 11 106 -200 171 -82 -104 46 -200 -106 -19 3 158 200 59 -75 -192 -47 0 45 -136 -200 200
0 81 117 -105 0 25 -156 0 -92 -50 -141 -87 127 0 -200 -124 -77 135 168 0 119 -162 -136 72 137 -82 -135 -66 -189 89 43 -128 53 17 137 -52 -46 193 64 -172 -129 -184 -3 -88 117 -118 -76 -11 -138 200 -23 -194 -200 -183 118 62 200 -86 -148 129 172 200 172 0 -84 -29 24 -110 150 110 -80 -125 -80 -150 157 -127 0 193 14 0 -140 -81 -129 -178 18 143 -180 -16 -121 200 150 0 109 200 176 200 200 157 144
66 200 -165 -200 200 -22 91 -73 48 200 54 -36 19 -10 46 12 127 154 -129 -200 -82 -190 169 -16 98 123 -195 50 0 -112 77 -9 0 102 -175 54 0 0 -167 -25 -59 144 42 0 118 -145 -196 -200 -200 149 -189 104 -113 165 188 -8 200 0 -67 200 -164 175 -164 109 -200 -200 -167 64 200 -9 200 11 -98 0 -195 16 -150 -134 0 -118 -167 0 -45 25 -36 0 -33 0 -133 200 -132 -187 200 0 69 75 -23 0 0
-108 42 -200 184 6 -123 0 135 76 200 155 0 -200 0 141 -95 173 -193 -148 -108 -200 179 -195 -78 -119 0 -193 139 99 93 -45 71 166 200 0 53 0 -191 0 -141 0 170 -200 -64 -72 -7 181 -200 161 -200 -80 -77 -15 60 0 -117 -31 184 -125 89 -183 -200 -154 0 135 -90 0 111 43 77 0 -104 -84 47 -120 157 -200 -73 114 -191 167 0 -13 -172 174 -39 0 -41 -118 -97 0 177 -161 110 -40 -148 -39 73 -148
158 -200 200 163 -184 200 -200 -91 -47 42 -152 -145 123 -183 0 134 0 0 14 200 200 -45 200 0 107 -154 97 52 -48 -200 200 -47 -56 -121 -170 0 0 0 70 -149 -131 200 -28 -71 70 123 200 -1 0 -200 -200 90 200 12 -78 179 125 -179 -200 168 66 101 84 -88 -153 143 200 104 200 -129 176 -2 30 -84 52 -67 -70 -168 -152 -184 10 0 200 -180 200 34 83 172 -171 7 104 37 154 17 0 -96 200 24 -170
0 -152 195 174 -60 22 -63 -154 -152 -157 -47 48 -146 -138 86 -70 106 122 93 -183 49 48 135 149 -69 -195 -38 96 0 200 0 -198 -162 -83 -59 34 6 -24 -12 -200 0 -129 99 0 101 -7 200 -113 66 -200 0 -98 200 165 123 -127 -200 200 197 200 142 -131 -181 28 200 -157 0 191 -174 45 -196 163 159 47 15 0 -200 0 -66 -61 129 0 -92 -134 0 -42 51 -140 -56 -6 -200 -132 -33 -54 57 -8 141 167 200
-14 179 -200 -200 41 -62 -111 176 200 125 -200 -93 0 -200 161 200 166 0 0 43 -139 107 -28 87 141 -5 54 -40 133 200 200 12 -200 -179 200 -38 31 -37 43 -196 -74 200 -195 -175 -48 -148 0 126 -200 8 0 -200 0 0 -163 200 191 -139 -149 187 -128 -147 -34 184 86 -200 -111 -107 91 38 147 -200 0 178 -200 -200 97 -153 0 150 69 -154 0 89 -156 -188 -6 0 -72 -83 -176 -114 -130 200 140 -151 -200 0 6
0 -62 -200 91 -122 33 144 117 -84 106 26 0 0 -14 80 -170 162 37 98 123 195 60 -105 200 -34 54 11 190 155 0 -112 -103 175 200 38 19 57 200 94 -200 200 -200 102 -164 25 200 0 0 29 89 -172 -28 106 -200 -130 61 -77 89 -200 198 0 -27 -156 172 200 0 -65 -14 -200 120 -10 -5 -200 0 73 110 28 28 -147 -20 174 0 200 0 -24 -125 -57 -200 0 -36 -133 -171 30 20 44 170 200 -75 81
67 -17 -200 120 -42 -200 0 -200 156 200 36 176 75 24 200 -187 -166 -200 54 -200 36 27 73 0 39 0 0 179 18 -101 -155 116 -149 200 150 -57 -45 -95 125 40 -113 -200 89 113 14 -80 0 -177 147 12 -30 90 14 200 -54 -117 174 -39 0 -7 -4 -147 1 200 -58 0 -45 200 121 0 -56 -199 -159 6 0 90 -200 -114 -90 -200 -200 0 150 -136 0 0 148 0 -80 -200 -123 -39 -148 152 -174 0 -189 200 -104
200 -78 92 -175 10 -48 149 -200 200 60 86 5 100 -35 182 -192 7 -16 3 0 -74 -154 -158 -109 0 183 200 200 119 0 -39 -192 200 -119 1 -200 0 200 28 101 0 -52 -162 161 179 -89 -64 0 -185 -79 -90 184 137 0 -63 100 -200 -200 193 189 -142 78 96 113 0 -85 128 -50 -114 43 200 164 0 -66 141 72 0 166 63 -66 108 -69 180 -13 -181 165 77 0 51 -5 95 61 -200 -11 200 -147 -97 -146 179
-49 -184 -103 200 -3 -142 51 -127 22 -158 -140 65 131 115 147 -173 -178 163 65 -31 68 -104 -44 200 -96 133 200 -138 -58 -44 191 200 -200 0 -200 -164 43 43 200 34 -179 -110 149 -129 -55 200 -88 200 -81 -200 110 14 10 -158 -200 0 -200 154 200 38 -43 181 176 -58 -57 22 192 -90 168 174 -139 200 51 -119 -24 53 192 -200 -164 25 200 18 59 -174 -26 150 154 0 -32 38 -16 -121 32 135 142 -58 13 -174 30
45 -144 -181 200 -88 -133 -111 200 189 181 96 115 200 143 62 180 200 0 198 -62 -26 -182 200 0 52 145 160 64 8 -111 166 -83 93 182 -42 -171 -14 96 -104 67 1 -174 -126 -103 -83 25 -91 -200 -21 200 200 200 51 -54 -46 187 123 -195 121 -111 91 -200 14 0 -105 0 200 -66 -107 -27 -152 -105 -154 183 200 20 -118 28 -154 -155 186 189 23 0 36 116 0 -169 -200 134 -200 -118 -180 -163 109 0 -152 -62 -175
0 -10 0 190 50 -189 -68 -112 -97 43 0 150 -200 -14 71 -200 0 -200 0 -200 -29 -36 68 -160 134 -82 12 -200 0 -161 -200 -200 0 181 -87 197 -157 0 -200 200 136 -13 -114 -200 -164 0 0 185 -135 -200 45 32 145 -171 -27 83 159 -26 200 69 -100 107 0 107 -82 -164 200 132 23 89 -116 200 57 20 0 72 34 -101 200 -158 -80 7 0 200 -71 -181 0 124 -191 117 171 -160 -193 191 140 106 110 0 200
137 -19 -70 174 -50 -57 -144 -23 -136 -69 117 -168 200 200 -2 108 -192 0 114 200 200 -152 -143 -6 46 0 0 -189 -30 -143 -84 -163 -197 -200 -200 -66 116 -141 65 59 -104 110 -43 -82 -25 115 -119 -21 0 -110 98 -126 -90 120 0 -200 119 -154 151 -200 -99 -127 -200 27 -127 0 -38 149 -135 200 -103 -197 -85 17 151 0 100 0 -200 0 148 200 -85 31 -25 -149 157 22 -108 -200 0 22 197 -12 -106 -32 -65 -14 0
79 -141 -147 21 -17 -152 -200 76 167 58 -99 200 16 200 166 -68 0 200 195 -144 80 -172 26 89 -12 -200 81 -98 154 57 190 -19 88 66 150 -93 151 -24 -135 187 -133 2 73 -133 0 -64 14 -200 -102 0 0 -29 75 -200 103 200 200 -195 122 12 68 200 79 -20 0 -67 0 0 94 0 -200 200 -91 -200 -200 24 72 189 -12 -200 185 -90 -56 -200 -129 196 162 -79 -5 -47 -95 200 200 -170 45 -149 -123 -200 -17
200 -178 -82 -85 -200 0 2 106 -44 -60 200 -122 6 -165 46 -52 -200 155 -200 39 59 -148 200 -28 -148 18 45 200 154 -178 0 0 -71 185 183 -20 0 0 51 101 2 187 -90 33 -178 -170 -114 -196 122 29 -30 0 200 0 -152 200 200 97 -190 0 -15 53 200 46 185 -197 -55 -200 99 -114 183 -200 67 -197 19 -87 -89 152 182 183 -5 -200 113 -73 -186 200 49 -111 -10 -128 -52 -25 -132 136 -5 -134 -112 -200 -167
-165 -76 0 132 22 -200 0 0 -74 32 72 -166 34 0 0 -91 200 -200 -187 129 150 41 0 115 21 200 -134 200 -200 63 0 172 0 20 200 -177 -152 -194 200 53 -75 -200 124 -54 155 19 200 0 116 68 -2 -200 118 -97 -161 0 -200 112 -31 125 -26 -152 -12 -73 -21 -151 0 -151 -54 -102 74 199 -125 -195 185 200 -62 -127 200 36 -136 0 -151 0 155 0 -161 200 -190 8 7 84 41 -104 0 94 64 -19 -200
142 0 -56 -46 200 52 21 122 0 -137 -48 -200 0 -22 136 28 -124 72 -118 -147 -43 20 120 -143 -16 200 -64 -27 -78 200 1 -64 -27 -200 -148 176 -94 84 17 -57 21 -27 200 16 -200 -52 6 -200 -124 0 -191 64 200 -56 0 -122 62 -200 0 200 75 194 45 -200 0 119 200 183 158 200 -38 0 0 47 -101 24 -36 -2 -200 -165 164 -86 -68 -111 -200 -24 -200 -104 157 -79 -26 22 5 10 -120 107 168 -94 -200
115 -12 139 200 -5 -165 -108 -200 200 0 146 199 200 -125 -144 -46 -30 -126 0 129 -12 -42 -200 -200 -200 -200 152 -156 -35 12 84 -72 0 120 -31 200 148 -27 136 -153 -65 -95 -30 174 -189 22 194 30 69 -190 200 156 -53 -136 -200 0 -200 146 37 110 41 -24 119 19 -127 -133 -8 -98 29 200 -69 188 78 191 -114 0 -106 58 -104 -200 140 100 -158 130 98 200 -76 82 -200 12 123 4 -181 166 126 200 118 -135 -79
0 -162 200 -106 -138 -153 200 -143 0 -138 -64 200 200 18 -200 -105 183 -181 -200 52 14 -81 -141 143 200 -200 26 -200 -73 -187 166 -6 -200 -1 38 -46 158 0 -200 -29 120 200 70 148 -2 -197 120 -134 91 73 187 92 -52 -200 -173 -124 -200 -100 0 -200 -200 120 183 137 -187 182 -159 -18 -64 11 41 153 -78 -116 200 200 130 52 200 0 -63 111 -174 -5 -78 -194 90 161 0 198 -74 200 -96 0 -8 200 -112 171 -129
171 24 -200 -135 187 -90 112 -200 -53 -200 -64 102 -117 -200 161 -61 0 -1 188 -186 0 -123 -155 -200 -3 83 -172 200 200 -118 71 -62 0 -124 180 50 200 0 -200 -200 -140 133 -200 -148 0 29 87 200 101 -195 -91 -78 -200 -142 -33 0 -200 124 38 140 -25 164 6 -103 -45 127 200 30 -159 0 -141 105 177 120 -57 -5 200 128 167 -72 -200 -128 -150 -21 19 119 49 -143 -57 -200 -25 -46 -17 155 -200 -200 -93 -200 130
-147 -123 173 -109 -200 -22 -57 114 -76 -165 -200 -158 -200 120 110 -125 200 -149 200 40 119 148 -156 -46 -196 149 110 -22 -56 -182 -120 50 50 -200 170 94 -49 -73 92 -38 -155 -77 -94 200 -65 -102 -94 -64 81 -200 110 70 54 -29 -41 -138 120 -125 0 -89 -64 47 -111 172 186 -123 -84 0 -200 -167 114 -107 200 -126 -69 -55 -129 -93 -53 -52 -53 0 -183 0 44 -39 -200 102 87 -171 -16 181 -119 -133 -98 166 25 200 186
32 -200 0 145 120 112 -200 196 -79 -63 -200 9 43 200 103 -28 122 -132 41 200 0 76 200 120 146 -200 -113 115 109 -200 -167 105 -200 21 -111 0 29 76 -142 -82 -125 121 -76 -42 -73 27 0 197 32 -21 0 -70 112 -84 -200 103 -34 50 32 -200 -193 72 0 -108 -80 126 52 -200 -200 -4 110 -200 126 -200 26 83 -134 65 -23 -23 -70 0 -48 140 133 -136 0 27 129 96 -71 119 0 -97 177 160 171 -53 -7
-51 0 77 -49 -96 0 151 200 -101 -121 98 45 -200 -89 71 200 169 0 -99 122 8 -92 -200 8 148 188 0 150 -57 -200 0 200 0 76 200 36 -147 -170 180 7 0 -200 -161 -14 -18 -80 96 -30 -86 166 200 200 -33 -155 -17 -150 -78 -89 0 -118 166 123 0 30 200 6 -66 200 -200 152 -88 0 -200 164 188 189 187 0 -140 -9 0 182 19 39 -23 104 167 0 -5 0 -87 40 163 -41 39 163 79 152 -73
-169 28 153 26 200 129 -22 200 125 200 -200 119 0 143 187 -130 200 -200 200 -50 82 200 -100 -73 62 200 200 -200 133 -69 200 124 131 31 -90 -10 200 0 186 -200 -157 -200 133 -27 33 -122 131 -180 0 0 13 -188 0 -150 -81 122 -113 -144 -23 -158 49 -50 200 -151 143 144 25 165 -200 -76 -136 -200 -40 184 -21 200 200 116 134 -32 -19 38 0 0 167 -164 189 -50 -41 -76 157 152 -200 189 183 -96 131 108 -200
114 65 -32 -21 52 88 36 -60 -200 -198 -189 96 27 -131 -136 -145 -150 125 -8 -162 0 -9 112 -77 156 -5 68 -99 -32 -163 0 16 81 -123 15 200 -84 86 -17 -200 -43 196 75 -140 36 200 -200 -200 -122 13 -131 -193 35 -195 85 200 35 25 -128 -200 138 92 200 149 80 78 11 147 200 62 0 200 -106 -136 -200 200 0 195 6 -63 110 -196 -200 -185 -200 111 0 56 -134 -146 23 -200 0 -200 -93 -148 49 75 -200
-72 141 200 200 97 57 43 150 106 -168 26 34 56 200 -200 40 85 -52 -200 101 -68 -165 -16 -189 -147 -84 200 93 78 -113 -200 164 -87 -200 -190 -156 200 94 -89 0 34 -162 11 -59 -185 178 -141 -200 0 51 0 120 54 200 0 78 54 200 -162 -30 0 -28 -28 154 -14 200 -121 -77 -80 -200 -200 -95 151 0 110 -199 0 135 0 69 -179 1 29 -128 -97 101 0 94 136 0 3 -200 145 -200 200 0 -73 -200 -174
-41 67 -71 77 -87 198 7 -187 81 200 -23 0 36 38 37 164 -113 2 -51 29 -54 -30 36 200 -60 17 0 -160 -147 148 161 0 125 0 120 0 -184 -46 75 -200 -14 85 -130 -198 74 -122 -62 -99 200 -109 124 -114 -83 0 0 0 -166 200 200 97 52 123 152 -123 39 -168 -39 200 145 -199 200 49 171 200 -45 76 -165 108 -200 0 -93 -104 0 -111 200 -192 -57 -200 174 -122 170 38 0 -200 74 200 10 -200 56
-200 -200 50 167 200 150 176 -69 200 -51 57 179 159 -105 189 -40 162 -153 -177 -137 -54 200 -191 0 -67 -156 -106 94 -33 200 171 -166 -122 -74 41 80 163 -200 180 0 200 79 0 38 48 0 -183 161 0 185 135 37 -200 0 0 140 105 200 8 50 -200 190 0 -200 -116 15 -200 -73 -51 198 -32 -38 159 -56 86 -30 -200 -89 180 -47 -30 -200 135 -181 -47 -125 -193 -200 0 -158 -169 137 113 0 0 125 -200 -18 116
-114 -158 87 -8 114 -200 -169 0 -161 11 -108 -125 13 137 160 -175 29 164 43 110 0 32 168 -200 179 -165 23 97 -181 0 -60 150 -163 0 200 -154 -186 143 -82 21 177 -5 -126 -179 20 76 0 200 -129 193 -58 0 94 200 -32 200 -98 200 0 -200 200 56 200 -187 162 145 -26 136 -4 -28 192 0 72 19 73 26 87 200 0 -119 -56 108 -52 192 179 200 92 112 0 -200 -150 124 143 -140 194 -75 -38 -200 116
200 -103 77 -177 0 -180 -200 -179 -1 29 -108 -122 -33 66 -200 55 26 120 12 200 -163 125 -199 0 9 -172 -140 -124 89 65 -57 -200 -82 -200 34 -59 -200 -123 17 44 105 98 -132 106 155 30 29 2 200 200 0 -153 179 8 178 76 200 13 -56 -160 21 -126 200 43 200 -144 4 -139 200 -17 82 200 60 -200 -119 -140 47 98 0 -28 -69 -200 133 -7 200 -200 156 -200 34 177 27 90 129 147 -85 -85 -200 0 114
200 174 -131 115 182 200 82 128 200 0 76 -127 0 26 0 -2 3 -133 78 -94 -36 0 200 -165 38 40 200 -87 35 54 200 166 -60 0 51 -101 -189 200 200 -72 21 76 150 200 0 37 70 -33 -60 -54 0 -45 111 200 158 95 200 -132 9 -38 0 -123 -130 87 20 1 -107 -128 -119 4 200 -191 -131 -63 84 0 60 107 -196 90 110 -50 -143 194 183 86 -64 119 -149 0 46 25 0 -157 200 179 172 0 -52
-42 77 -155 -166 -193 0 72 -91 115 174 -122 -184 0 8 82 -73 -48 185 200 141 -90 89 83 200 -163 200 -2 12 -197 12 -120 -20 -200 0 -148 47 -20 49 -104 -200 147 0 -45 128 2 -9 -200 -20 200 0 -94 200 200 200 -182 40 -174 13 196 33 200 -130 200 119 0 72 200 -184 45 -51 -139 200 -15 83 200 159 0 0 143 -96 200 133 200 -163 100 -36 200 -200 -122 -23 -200 -38 141 -18 -157 58 -103 56 125
-173 0 21 -36 143 17 196 168 126 76 -200 -49 184 147 200 193 -117 194 135 104 -196 -200 87 144 -76 0 48 -200 155 107 200 -36 -53 91 -102 -25 170 114 0 200 111 -26 138 200 185 -16 -51 88 0 200 -74 -200 117 118 120 153 -18 25 119 200 77 200 0 56 102 200 124 -125 185 0 -76 33 72 44 -9 -171 76 -157 -128 -28 0 -54 126 77 154 -170 -190 13 -34 -200 10 200 -51 -67 170 157 -62 0 33
0 0 -157 -200 -28 0 87 85 10 53 142 50 200 -200 88 0 27 -132 -23 122 93 -200 -200 -200 -195 -174 -57 0 -77 125 -109 200 200 0 -181 -4 69 0 140 0 179 -89 43 0 -188 158 -200 5 153 -54 -36 178 -142 200 154 -86 -200 -4 0 -29 57 200 49 -182 48 0 -200 54 -76 -121 183 194 -20 97 -180 -42 59 0 22 -73 0 200 28 123 0 33 49 182 157 200 -48 -31 -127 -39 148 200 200 101 0
97 -191 127 -21 63 83 83 200 200 -99 -71 -59 187 -165 -58 16 6 -116 -200 33 200 -200 -49 -7 -156 135 139 186 158 0 0 84 182 80 180 199 21 -151 -12 -3 172 0 142 -40 -182 0 -128 196 -161 -58 -151 70 -200 -119 146 200 155 -200 4 -93 70 -171 173 -1 -64 -123 84 92 181 -71 0 0 -35 0 -200 -65 73 0 -63 170 -102 193 90 -6 -59 74 1 -198 149 200 184 -200 -138 94 200 179 200 -157 -161
53 148 200 -102 134 -74 -200 61 138 170 -183 73 -104 -90 162 -94 125 -142 -145 200 0 28 135 -17 54 -69 -180 -33 183 0 165 -142 73 -199 59 133 -39 -51 0 -200 -143 111 -195 -39 -43 40 -114 -20 140 -200 -5 63 0 -151 0 -9 -1 11 115 -159 85 172 91 200 195 121 54 184 75 -26 -55 87 -183 193 79 4 180 2 -44 -102 -61 -200 62 23 -200 -194 39 180 200 29 5 66 81 -22 -150 161 -24 167 -123
-79 82 165 200 200 0 155 -152 200 -82 136 -123 -163 -162 159 -182 -124 43 -87 -94 200 141 5 -180 -85 200 -40 152 109 -98 35 179 -111 -98 146 -51 22 -86 -50 200 -193 0 -111 38 -124 200 -83 -200 6 -110 103 -200 -104 -183 82 -200 -46 -200 -21 -84 117 0 -179 132 83 -182 136 -200 38 171 200 -80 34 0 18 200 200 -190 76 -40 200 -200 162 -177 153 200 200 134 0 -97 99 135 49 0 200 46 -124 99 0
144 22 87 174 30 -86 -75 -148 200 110 150 0 -61 0 -177 200 -76 -56 -200 200 27 35 170 0 83 200 -81 0 26 48 -65 114 169 178 -140 173 119 72 0 192 159 171 0 -146 200 -68 -1 -200 -143 0 -77 18 18 -142 -67 -200 -18 0 200 138 -200 -69 104 -22 171 -53 -29 110 95 130 -200 200 144 -52 25 192 200 -199 200 -119 0 -126 0 -200 -162 95 0 -200 183 5 0 -108 200 0 -12 0 -55 200 -21
1 -79 -35 200 200 -46 -61 171 -128 200 175 70 -174 87 -103 124 -71 0 200 -23 0 115 0 -39 200 -152 28 23 -51 71 61 -199 -72 134 -78 64 -128 -200 171 -95 -45 -92 146 -200 200 -127 0 0 -200 200 -29 190 183 2 -200 -51 -200 0 200 44 163 -200 0 20 -131 200 -78 61 -196 130 -200 -171 200 90 -200 158 -21 -64 -200 88 -124 -200 44 -200 47 -200 -11 -46 -53 168 24 -200 147 -6 63 -108 -180 50 -184
-114 -200 136 -77 -186 161 -76 189 91 -130 200 -76 -92 45 -43 -48 198 93 46 -151 140 70 -51 -198 37 -9 -80 -183 72 0 -34 123 195 -76 84 195 141 -173 103 -38 200 46 4 -92 -115 -2 -200 107 -96 34 -200 53 -200 -20 -39 200 0 200 0 -200 88 0 150 200 -200 -144 101 80 89 -30 0 200 148 -141 5 49 177 200 -98 -155 22 178 0 -80 -72 116 181 18 -150 0 0 0 56 -134 -200 -12 5 86 -84
-142 0 87 36 157 -132 -143 179 -41 113 -68 -137 -200 48 -6 123 154 146 -49 -85 -134 194 200 130 56 -200 171 62 153 5 17 -62 -200 0 -200 200 -136 -40 200 200 78 -177 0 200 -200 -199 96 112 91 0 -142 -184 200 -159 0 -200 111 -97 191 -135 0 0 -194 0 1 39 0 -191 89 200 200 -170 0 -9 45 165 -200 -90 194 0 1 -200 -200 -32 104 -123 2 -200 -143 95 59 154 -200 94 85 -2 115 137 112
200 0 -124 -200 30 -142 -200 200 -200 -174 122 -61 -159 -91 -124 -100 -151 0 -59 0 -18 0 -65 -197 -31 -149 75 -200 200 -176 135 200 105 -40 175 -195 -94 118 167 97 112 68 -144 -46 46 200 181 -200 -98 189 -200 0 0 -22 92 -200 -23 200 47 80 0 -200 -200 32 0 0 0 -149 0 195 -128 -63 32 -83 -69 183 -120 0 200 0 0 -37 184 187 -77 56 -76 160 165 -78 58 -200 47 -137 -39 183 -47 143 -172
167 -95 -200 -22 0 53 111 -200 -86 -149 -96 -200 29 200 187 110 -200 0 18 -200 -145 180 -62 -144 -40 46 0 -99 200 -139 -170 -147 200 -70 -195 -198 117 -200 10 -200 155 -2 161 -200 27 61 -31 172 198 84 151 -93 -82 71 -128 0 163 -200 -13 179 145 -36 17 200 -123 -95 8 -200 0 -39 -168 -141 186 116 9 -167 -107 -140 200 186 13 -200 0 186 133 -120 200 12 95 -191 -155 0 62 -17 -53 -140 200 157 -93
-200 200 -136 200 6 52 -11 144 86 36 -77 -33 -49 -72 55 200 0 22 100 -145 -107 -76 120 -17 98 200 168 -53 200 -200 -200 182 -34 -102 0 198 175 200 200 0 200 -200 0 -54 -52 200 -31 52 -135 46 200 200 27 46 -87 46 182 -77 -143 200 -56 -27 -38 -51 0 -3 200 -200 200 0 4 110 0 41 -182 12 -51 19 -121 173 0 72 -56 200 169 -200 -175 -73 40 101 95 116 69 -54 200 0 183 -200 117
-200 96 0 -59 200 -137 -200 177 0 200 -31 152 0 -115 -32 116 -149 -12 -52 0 167 -98 0 200 200 -177 -80 200 -90 -200 -84 0 -132 -200 -149 90 -80 -200 0 52 -26 -128 200 154 127 33 -142 -200 -45 -182 -194 131 0 0 -161 0 200 27 185 -70 0 -150 -94 104 113 172 49 74 200 -71 -61 200 0 -31 27 -24 0 183 0 -131 32 -200 -98 75 0 31 48 -200 151 92 1 200 43 34 200 -140 -150 -200 -197
-122 149 0 178 -28 93 196 0 -100 114 -177 -85 -10 148 0 21 13 0 133 -200 -126 82 162 -170 0 -148 0 -17 0 167 135 0 -200 30 26 200 0 -200 -101 -21 133 -200 106 -54 -200 -1 -24 -200 -19 -192 -121 200 200 -41 -93 42 0 -76 -75 123 -169 0 -46 38 199 -43 54 -10 19 135 0 49 0 -169 -138 198 0 200 -40 90 116 200 157 49 53 -6 95 193 -112 153 -85 200 0 183 -200 71 200 -170 -54
96 -180 -166 33 -33 200 22 -200 -31 200 200 200 -40 200 65 170 -109 164 0 173 98 101 -23 -200 161 -181 87 200 89 17 -167 -68 -200 200 -5 -167 0 157 97 -80 142 -119 0 200 156 193 -161 200 -188 -10 -20 -46 0 92 139 -145 87 76 -176 200 52 200 -31 -140 127 48 78 114 -123 92 0 65 -144 166 177 152 -51 0 -82 115 83 84 51 200 69 153 -199 169 200 0 -149 -106 174 -133 -94 132 19 -83 -92
19 7 -103 39 200 -73 -92 88 -29 199 193 -123 -166 -118 -195 170 200 -200 -194 -5 -58 -57 -95 -58 179 -120 0 -178 126 122 8 11 200 62 120 -196 123 -116 200 135 -161 -139 -180 -188 -175 0 0 37 57 0 190 -200 73 -29 0 162 93 200 -3 -200 131 0 -106 -14 184 -28 -200 163 -38 16 198 200 -200 -196 -43 -110 -164 82 100 -28 0 169 0 -200 -36 200 -41 36 186 -200 111 -119 -187 196 -9 -190 -149 196 -124
145 127 -63 35 0 76 -55 78 -168 -200 -38 0 64 0 0 -149 -200 112 72 -179 -200 181 -200 159 200 -108 -91 145 177 66 -157 0 -77 200 -54 0 -173 109 -185 -200 -2 0 -200 70 -147 146 30 8 -28 26 0 0 -156 -63 110 0 -1 -200 68 -11 -72 -49 0 67 -150 0 -81 13 -23 -200 -106 -200 -200 -144 21 1 181 -128 -178 -200 -200 -55 -140 200 -66 -126 112 -91 0 -81 10 -190 26 143 200 145 15 128 175
-200 -179 -58 -82 9 -119 95 0 110 3 -52 -194 123 -200 -60 -200 18 -113 160 200 200 116 -93 106 30 59 -115 0 -171 2 70 0 3 0 200 96 0 109 10 0 0 17 168 -200 16 49 -106 0 -34 -117 162 164 129 0 -88 152 200 -200 25 -200 -134 0 51 -25 0 -156 0 0 -1 21 -200 16 179 95 0 188 -14 184 -127 -98 -200 68 -161 164 0 0 79 -57 30 82 -3 64 174 -99 -85 0 113 135 11
44 -118 -66 0 62 157 -31 0 105 -113 -41 -189 -24 137 -93 179 -106 -70 -133 -95 77 200 -182 -167 -177 198 -26 71 97 -166 0 107 0 0 166 -116 -172 -200 -18 126 -167 200 -56 141 200 -200 -109 72 0 -65 84 200 200 0 40 -200 162 73 -136 -153 -77 -46 -200 176 -200 129 -67 -32 93 -9 194 200 200 -200 200 176 119 180 200 -160 8 165 0 110 -106 -200 158 -163 -179 -40 0 -69 -162 -20 32 154 200 54 185
-132 -182 71 9 0 78 -200 35 -104 72 -200 200 -15 165 147 -148 54 101 200 -142 -137 -89 106 -189 50 84 -50 -41 0 -54 150 70 56 -62 132 -176 -162 90 200 117 200 0 -108 -180 0 133 192 -30 0 -46 200 -200 -36 64 -142 -109 0 -200 198 168 66 30 -196 -105 0 -200 132 -200 0 0 65 200 -47 200 167 127 113 127 0 0 -141 143 200 -113 -200 120 -107 -139 28 175 158 -10 -83 -200 0 -172 -29 190 76
-200 0 38 0 -200 -47 199 -142 0 -9 -80 0 0 177 74 -162 0 -63 90 -116 86 63 0 200 87 -136 168 174 -200 -49 0 108 -58 106 -103 -133 195 23 -28 -133 -184 -200 156 78 -165 -152 200 0 8 0 118 200 -5 50 -116 -22 -200 172 -40 200 -109 -124 127 -200 194 -122 8 0 24 -179 200 -23 120 0 100 188 200 0 -146 134 200 -15 -150 107 -200 162 -127 -177 200 -6 -66 12 -200 0 38 -44 68 200 13
-82 37 121 180 -9 0 0 -148 -200 114 -137 -66 -84 194 151 94 124 0 -125 146 -131 25 -194 193 197 -200 -54 200 -200 48 108 -33 -70 0 137 -200 200 -22 185 -117 0 0 -10 -113 41 131 -64 109 -136 -59 -200 0 -151 112 -200 -33 59 -200 -148 -197 184 -120 -188 0 200 200 177 -5 39 -138 -71 113 79 -111 99 -57 -200 0 121 -33 87 76 0 0 -24 169 -133 -200 -104 -200 176 32 -60 -61 189 200 -178 7 -200
-97 -28 199 200 108 122 61 73 -137 59 -158 138 -33 200 -37 148 192 0 -41 -136 57 143 -200 0 0 110 119 200 179 -186 164 -113 200 200 0 -87 -110 -116 0 108 200 -200 53 0 168 0 21 199 -172 -200 0 200 150 0 -128 39 197 -76 0 0 -200 129 157 -168 16 -200 -183 165 171 200 -200 85 0 -198 -51 -200 46 200 26 -136 0 87 200 82 0 -152 -200 93 -46 -151 26 24 -185 8 181 -200 63 81 26
-200 -161 -126 -183 65 135 0 0 -108 9 0 123 57 109 166 -194 28 -193 -160 -152 6 -40 -38 194 0 -70 42 -26 -142 -200 113 192 132 -200 54 -7 19 -174 -162 -103 73 -184 162 200 50 100 -22 47 -188 -198 120 58 -29 -172 -200 200 0 157 -68 0 200 169 0 -200 -107 -61 -158 -24 -29 179 0 55 -142 200 82 147 -90 -129 132 136 -122 -187 -146 -200 -134 -92 174 -200 192 -23 190 200 129 -15 -200 55 200 -80 -50
-200 -91 -134 52 -157 97 -185 200 -15 56 187 17 -139 168 141 -158 -113 0 0 -137 36 200 26 -109 131 43 151 66 -86 0 -51 194 163 0 180 -200 200 20 107 74 -200 200 0 0 3 -155 -175 -173 0 -114 -147 55 47 83 0 -142 0 70 -79 -161 -200 -200 0 151 -163 -32 200 -200 200 155 -39 34 -141 -152 -200 23 113 -25 200 -13 -63 0 -164 -115 200 30 63 -164 -11 18 -83 -21 -84 -49 -19 96 -82 78 82
-70 200 0 -84 -200 0 69 -200 -142 -200 200 -8 -48 -148 -174 95 -36 200 -200 70 -42 -8 -18 149 107 -200 -143 198 -34 -2 101 -191 8 -75 51 171 200 0 93 0 200 102 35 63 -94 -200 109 21 0 -173 -85 111 -200 -20 86 200 -80 0 -173 83 -37 -14 -36 0 0 69 200 112 0 -200 71 -177 -175 0 -63 -192 159 132 0 59 -89 -143 47 -71 -178 0 60 117 -200 16 -42 42 137 -162 -173 72 -178 0 -200
25 34 -69 -69 59 0 -11 93 0 -165 200 97 -77 152 112 117 103 -90 15 155 9 52 -165 12 200 200 200 110 -18 -200 -157 0 200 110 -43 131 200 -90 0 31 200 110 -200 -6 -200 160 164 0 -54 77 80 200 -86 -88 -2 28 -121 -8 0 0 -174 -200 -46 -36 -95 0 -73 47 85 -200 200 0 -70 200 -67 130 -197 118 200 0 -200 -196 -71 -166 94 200 -38 197 0 85 43 -36 22 27 -74 5 200 -134 26
128 200 187 162 33 -49 200 -47 49 -193 -192 -25 98 -128 0 200 -200 -82 -48 179 -200 -76 0 200 -200 -200 -200 91 0 -200 200 0 125 200 0 200 153 159 -68 0 175 0 185 -86 62 -58 137 188 -129 -146 -194 -71 0 42 19 40 68 -19 200 -123 -42 -99 -200 -129 35 59 74 94 37 159 -131 93 -200 200 -146 95 199 67 134 0 125 0 -200 47 -172 -176 0 27 200 -65 133 -41 0 -83 -38 -198 188 162 -148
43 200 118 200 200 -95 200 145 56 119 200 0 -158 -190 -70 200 200 -14 27 68 0 -49 -200 152 -75 -165 188 -26 -153 106 -75 0 105 0 164 200 0 190 152 200 108 -61 76 128 3 -180 -129 -13 -102 -98 47 -137 129 2 173 121 -200 -176 -48 0 -119 103 8 61 -196 -200 -12 -200 -76 -89 -39 200 -136 65 -27 -200 -63 -159 -200 -170 -200 200 -33 -178 -85 177 0 59 -82 50 -46 0 -149 -200 -124 -77 117 -63 0
14 149 -74 -23 0 200 79 0 119 -187 -200 37 0 -73 -61 -199 -58 -200 -31 0 -82 93 0 38 -91 121 -113 200 117 47 0 -15 -50 200 -140 162 0 -81 180 0 -136 -147 -46 -124 -165 174 178 -200 -34 -200 -30 24 -58 -4 -33 20 7 81 176 -133 0 -41 70 37 -72 -77 67 -28 -189 49 117 200 -96 59 -96 -200 -122 0 187 -164 200 164 -120 -145 22 -200 -200 -131 200 -55 -153 130 12 200 -132 142 -93 76 22
-150 -135 200 -54 -30 200 -90 200 154 -43 21 200 -62 200 11 -150 -200 -45 -148 0 89 85 9 200 0 14 144 -163 25 134 -90 0 200 200 152 -27 -66 -200 -19 -77 -200 -165 105 -200 200 28 -60 -59 -121 71 -91 -14 -163 49 -150 62 95 0 140 -143 -87 -107 -41 -57 -40 -27 -73 -117 -70 143 -80 124 -200 120 -60 130 44 -36 50 -161 188 -200 -47 -189 0 171 0 131 0 200 7 -200 -21 200 200 117 -105 -39 -200
-163 -67 -60 84 -51 -91 200 192 -200 19 198 116 -108 -173 101 101 115 197 -200 180 0 -151 -147 -33 20 200 141 -170 0 -200 -200 37 -25 169 157 -23 -57 -70 200 88 -165 89 -30 168 -109 -12 39 0 -200 22 -33 59 127 0 133 0 60 -80 -198 -140 200 -200 -44 -91 66 69 0 -162 191 157 -69 93 -29 82 0 -178 200 -49 200 -29 91 -200 -103 200 -63 119 176 -101 92 7 -116 0 -56 76 146 180 171 200 5
85 -200 104 152 -139 -127 200 11 -200 100 121 200 5 89 -22 0 -195 119 -150 28 -165 -149 200 0 -178 -46 200 -160 0 -114 55 -58 187 110 -41 -52 15 -21 -97 144 -200 163 105 -68 27 -107 -51 65 136 108 -200 19 117 70 58 -90 -200 -80 -7 -58 101 -36 70 200 159 0 48 186 -144 -178 -146 0 156 47 0 -131 12 156 -200 180 -153 -200 -84 200 0 200 -200 91 155 46 -105 88 155 128 108 -162 181 30 0
113 -43 46 -138 0 0 -138 -7 0 200 -77 0 176 0 -30 -132 142 0 156 58 -200 6 -162 -176 200 130 -167 -118 200 0 87 -200 -61 130 200 -25 0 -62 93 57 25 -124 0 -105 -200 -88 6 4 200 -136 14 200 0 -200 -200 -149 25 -160 102 -200 -96 -110 174 200 -200 60 0 189 0 0 200 -200 -174 -17 -137 118 -200 103 184 200 0 18 -90 -157 40 -158 -73 -146 0 99 0 67 147 -195 70 -62 123 -72 0
200 -189 -99 -17 -111 -67 69 0 -200 -152 -199 -108 0 92 -75 97 -200 200 0 -134 97 99 -200 -7 -85 -175 40 -166 -18 185 155 0 -67 -200 -200 -186 200 79 -200 2 190 124 143 -200 200 -200 -45 200 200 120 -197 186 114 -200 -146 0 77 199 45 -115 112 -198 -129 36 44 0 -200 7 58 0 200 -20 -200 -40 -45 0 -151 -63 101 -200 70 -98 -19 68 145 200 -63 142 200 -23 200 86 -190 34 0 134 -83 200 200
-123 0 21 200 0 -98 -13 -121 104 -200 -30 18 -143 0 38 -200 189 71 0 -22 -29 -197 153 -186 191 55 9 -152 157 166 139 -200 -136 -23 -147 -175 0 3 200 -41 0 200 200 -122 155 0 153 84 -200 200 32 -101 49 -121 -32 20 94 200 -150 25 -65 0 2 142 0 -53 -158 131 -86 168 149 -200 86 -53 200 -188 -191 -139 -193 48 76 49 -56 4 157 130 -164 -135 -129 -200 98 -112 -181 -129 200 119 -169 -72 -149
168 122 -137 -170 177 171 53 -34 -29 -173 0 -10 -121 -9 141 -174 0 38 0 -59 156 102 -200 38 -1 -152 200 -17 -90 0 -17 0 -126 19 -185 200 -67 -62 -87 200 -73 -17 200 -108 -33 -123 51 38 -200 -95 -154 -179 63 200 141 15 0 56 0 61 59 195 21 -56 -107 162 19 160 -200 112 145 121 -35 80 -31 -93 -160 0 0 65 -145 -200 67 -147 -200 29 -173 -20 192 -15 104 157 51 -191 200 -164 200 -20 137
173 -103 173 -81 52 -121 78 200 -74 191 0 200 -200 -24 -168 -97 0 -115 -134 200 -2 91 -190 -200 -44 -125 0 200 -200 -58 -61 -102 0 0 -200 -36 88 -200 190 188 200 -101 0 -33 -12 -200 158 69 -177 182 -161 78 0 20 5 -200 -11 200 -63 154 -200 -33 53 162 -200 200 133 200 -178 113 90 113 172 -200 0 61 0 26 197 200 -119 -66 -17 169 28 142 85 97 -58 47 -200 69 200 160 -200 -33 132 -188 74
184 29 125 -114 -175 103 0 -200 -200 0 200 133 -115 76 132 0 11 -176 200 187 113 182 161 193 200 -200 -133 0 1 16 33 -78 -200 -77 -160 3 140 -28 -184 -60 -92 -123 200 172 155 0 -25 40 -200 59 80 105 -200 200 199 121 50 0 200 -35 -190 -132 200 25 65 -169 142 -85 -200 -200 -117 -91 146 54 -200 179 -27 -108 0 136 181 200 -197 -133 86 153 -84 0 200 200 121 122 200 -85 92 151 200 -200 194
152 -147 -162 180 97 158 -24 200 0 -92 13 -175 74 -200 192 0 -100 35 158 -163 -106 -180 -133 193 -129 -9 106 133 200 0 0 0 160 -162 25 -200 92 155 0 163 1 -200 0 -65 200 123 0 -66 0 0 -5 -176 162 -200 -64 41 0 -164 200 98 44 -146 0 -12 0 117 42 -156 -47 -122 -85 193 153 11 -57 -117 -200 -54 -200 -200 200 -140 0 -160 -200 -183 -200 66 -54 62 120 -144 0 -155 -55 -200 11 -158 -193
200 195 -144 124 40 -164 -77 -200 72 200 200 -195 -110 -34 -175 -87 200 156 200 -2 69 -196 -171 -86 22 113 38 200 38 108 -200 -2 160 106 -55 77 -48 8 -195 -200 -22 -200 -104 -22 2 -200 -33 -114 -200 -198 200 91 200 70 -54 -167 160 200 -13 151 -25 186 22 12 -191 -14 186 126 0 33 -200 24 -1 115 35 200 0 61 -127 14 -167 153 4 -200 0 0 -144 -113 93 108 -69 0 119 74 70 -160 -173 -200 -200
-143 -7 123 -65 -6 -1 200 -200 200 200 -11 171 79 0 -24 167 135 102 0 89 -200 -132 106 38 194 200 0 -200 12 0 9 6 -27 -36 -55 -46 -68 -46 -138 123 151 -147 -153 -151 0 200 -7 89 138 -195 31 -78 65 -200 191 0 111 103 -103 176 0 200 -1 200 -127 -144 0 73 -12 131 -37 0 200 -69 0 -155 200 -200 11 200 18 -94 155 -86 -60 -158 45 151 30 -93 103 200 0 200 96 59 27 -90 3
200 0 -15 154 200 137 14 -16 200 -28 200 47 147 166 -26 93 0 71 18 -131 112 -90 193 200 138 8 200 -200 145 200 -85 -10 75 -200 -93 -87 -174 50 -150 -200 3 -171 200 200 -107 121 38 0 -25 -11 -3 31 26 -90 0 0 135 41 0 -191 -198 -174 200 -200 200 -200 -154 -28 88 -110 47 200 -171 0 -200 38 -30 120 198 161 -42 -65 -173 200 102 4 -192 88 200 -51 65 -200 -176 146 200 148 0 183 156
-65 0 -12 200 -200 172 0 175 72 0 -187 200 195 200 -200 -118 146 140 -17 -152 148 -175 0 195 -103 149 -200 -119 0 33 135 -53 -63 0 33 160 147 -200 200 -108 153 -136 -200 33 0 28 -200 -200 200 -146 -102 -178 -200 -200 200 -193 20 89 -200 179 28 -200 -105 0 -52 -188 -56 -3 -40 200 0 -200 195 0 98 162 89 200 -182 0 -143 93 154 196 -172 0 58 9 -158 25 -49 -122 200 -27 -1 -114 200 7 -177
171 0 -114 167 -200 86 0 -94 200 78 129 -182 2 -200 161 -32 137 37 69 0 74 200 -30 25 0 -102 -59 0 127 34 -200 0 22 -19 158 134 127 -110 0 -196 159 -10 -200 -113 0 -79 -173 -16 -139 -166 62 143 0 -125 136 22 200 -32 -200 -41 0 60 0 85 200 -71 -200 -34 0 -200 -174 121 -200 0 -146 -200 200 -113 -200 -200 0 0 200 174 -101 -137 -52 38 -109 0 82 -16 126 -200 154 -6 -156 -200 200
-200 -177 -87 186 0 122 -118 -100 172 49 70 0 -60 0 196 28 0 110 80 -38 -14 -130 200 182 176 -145 77 200 45 -54 -118 -148 50 0 -12 -83 188 -54 -105 20 30 -200 39 137 17 -80 123 -200 0 -10 -200 116 -113 163 -198 -74 -94 111 200 -90 200 -200 -200 24 -119 -182 112 -146 -200 -173 194 117 -86 -174 0 -192 200 27 -123 12 200 83 110 -35 198 0 -64 189 0 -184 -144 -200 -123 -115 0 177 -104 149 19
99 -133 65 -89 34 196 0 -200 81 -26 -4 -200 0 103 71 -200 167 -91 -106 -32 152 200 200 -95 164 108 -199 16 32 -96 -50 -187 0 170 -132 -200 -92 86 -144 -112 -186 21 200 -60 0 182 3 -17 51 -196 141 0 -8 0 0 -81 121 187 115 -90 200 -200 -200 -200 42 -147 -117 -148 -29 -59 -127 -114 0 -148 -172 51 -151 152 118 -200 0 129 -59 -18 -59 -200 -106 -27 -200 114 -48 136 82 117 96 187 -41 -117 200
61 79 -71 -66 85 200 109 -15 -200 56 82 -200 0 195 0 -140 0 0 -70 0 -200 -34 -180 -186 200 200 6 -39 0 0 200 32 -200 0 25 80 124 -21 -157 79 -1 140 73 0 -51 150 -58 -200 -77 116 -48 200 50 100 132 -196 -89 186 200 -200 151 39 68 12 4 -75 162 54 156 41 59 -102 69 -56 -200 3 -41 84 0 112 -124 0 -156 -200 -169 -200 -138 0 -105 -185 -19 -192 0 162 -73 -68 0 -136 -130
-200 200 76 72 181 -79 -39 198 -195 195 -148 0 170 178 128 0 27 0 123 -200 59 120 106 62 3 -128 -166 -67 185 114 107 -43 -119 129 -200 182 16 57 126 66 178 -191 -144 57 -18 130 200 -33 17 0 -81 0 -173 -166 164 183 -88 -200 200 -71 29 -73 -200 128 154 153 -56 55 -65 -200 0 168 94 200 0 130 140 -200 37 0 -200 -148 -134 -100 -32 -78 -200 -159 -111 200 -200 117 -82 -200 -83 -169 -147 -99 -172
-156 -199 146 100 -149 200 200 145 -15 125 -200 -138 -140 85 200 -72 -116 0 73 -200 -49 -170 -200 183 130 37 -168 -114 -172 0 -200 67 7 -120 200 -175 0 -200 121 -137 -40 -120 200 200 31 -29 -200 -186 0 3 0 96 158 18 0 158 -110 0 -104 -200 -184 -31 0 -13 -10 -200 -90 122 17 200 -8 -189 180 -200 -112 162 0 0 -114 -192 -123 58 155 -16 0 -65 -153 200 -196 -197 -39 0 -200 -82 -35 146 91 177 0
